1 0.23197115384615385 0.6586538461538461 0.1778846153846154 0.12740384615384615   
1 0.3870192307692308 0.3954326923076923 0.06009615384615385 0.040865384615384616   
1 0.4987980769230769 0.7644230769230769 0.1778846153846154 0.13221153846153846   
1 0.44471153846153844 0.5612980769230769 0.0673076923076923 0.07932692307692307   
1 0.48677884615384615 0.359375 0.04807692307692308 0.028846153846153848   
1 0.5625 0.4699519230769231 0.052884615384615384 0.04567307692307692   
1 0.5697115384615384 0.3425480769230769 0.04326923076923077 0.026442307692307692   
1 0.8677884615384616 0.9471153846153846 0.25721153846153844 0.10336538461538461   
1 0.8990384615384616 0.6502403846153846 0.14182692307692307 0.0985576923076923   
1 0.9819711538461539 0.53125 0.036057692307692304 0.05528846153846153   
