1 0.3016826923076923 0.49278846153846156 0.12259615384615384 0.21153846153846154   
1 0.5492788461538461 0.7079326923076923 0.0985576923076923 0.10336538461538461   
1 0.5661057692307693 0.24879807692307693 0.12259615384615384 0.10096153846153846   
1 0.5877403846153846 0.33533653846153844 0.12980769230769232 0.13942307692307693   
1 0.5877403846153846 0.6574519230769231 0.11057692307692307 0.12259615384615384   
1 0.5997596153846154 0.5180288461538461 0.1346153846153846 0.1466346153846154   
1 0.7295673076923077 0.8076923076923077 0.1201923076923077 0.11778846153846154   
1 0.7632211538461539 0.06129807692307692 0.14423076923076922 0.12259615384615384   
1 0.7788461538461539 0.7536057692307693 0.13221153846153846 0.125   
1 0.7980769230769231 0.23798076923076922 0.14423076923076922 0.11057692307692307   
1 0.8293269230769231 0.4266826923076923 0.12980769230769232 0.11057692307692307   
1 0.8509615384615384 0.6983173076923077 0.15625 0.1562   
