1 0.53125 0.3389423076923077 0.038461538461538464 0.06490384615384616   
1 0.5228365384615384 0.34615384615384615 0.014423076923076924 0.057692307692307696   
1 0.5456730769230769 0.4879807692307692 0.052884615384615384 0.0625   
1 0.5444711538461539 0.4182692307692308 0.038461538461538464 0.052884615384615384   
1 0.5564903846153846 0.5685096153846154 0.055288461538461536 0.05048076923076923   
1 0.5961538461538461 0.33413461538461536 0.03365384615384615 0.06009615384615385   
1 0.6117788461538461 0.34134615384615385 0.057692307692307696 0.06971153846153846   
1 0.6129807692307693 0.49158653846153844 0.06009615384615385 0.07451923076923077   
1 0.6057692307692307 0.5673076923076923 0.04326923076923077 0.057692307692307696   
1 0.6875 0.4182692307692308 0.07451923076923077 0.0673076923076923   
1 0.6742788461538461 0.3293269230769231 0.04326923076923077 0.07932692307692307   
1 0.6850961538461539 0.5769230769230769 0.06490384615384616 0.06971153846153846   
1 0.6790865384615384 0.4951923076923077 0.038461538461538464 0.0673076923076923   
1 0.6862980769230769 0.33533653846153844 0.026442307692307692 0.06490384615384616   
1 0.7463942307692307 0.421875 0.04326923076923077 0.0673076923076923   
1 0.7439903846153846 0.6610576923076923 0.038461538461538464 0.07692307692307693   
1 0.7451923076923077 0.3293269230769231 0.038461538461538464 0.07932692307692307   
1 0.7680288461538461 0.5084134615384616 0.0673076923076923 0.052884615384615384   
1 0.8173076923076923 0.6754807692307693 0.028846153846153848 0.052884615384615384   
1 0.8257211538461539 0.5060096153846154 0.04326923076923077 0.06490384615384616   
1 0.8197115384615384 0.33653846153846156 0.019230769230769232 0.06490384615384616   
1 0.8329326923076923 0.3293269230769231 0.04567307692307692 0.055288461538461536   
1 0.8485576923076923 0.5925480769230769 0.07692307692307693 0.06971153846153846   
1 0.8389423076923077 0.4206730769230769 0.05048076923076923 0.0600961538461538   
