1 0.013221153846153846 0.4362980769230769 0.026442307692307692 0.10817307692307693   
1 0.04447115384615385 0.9519230769230769 0.0889423076923077 0.09615384615384616   
1 0.14302884615384615 0.12620192307692307 0.2860576923076923 0.06490384615384616   
1 0.14903846153846154 0.671875 0.2980769230769231 0.16826923076923078   
1 0.018028846153846152 0.5769230769230769 0.03365384615384615 0.10576923076923077   
1 0.14543269230769232 0.05889423076923077 0.29086538461538464 0.057692307692307696   
1 0.14302884615384615 0.3088942307692308 0.27884615384615385 0.10576923076923077   
1 0.037259615384615384 0.8774038461538461 0.06009615384615385 0.12740384615384615   
1 0.14783653846153846 0.21153846153846154 0.28125 0.08413461538461539   
1 0.16105769230769232 0.4170673076923077 0.27884615384615385 0.10576923076923077   
1 0.14783653846153846 0.5288461538461539 0.23317307692307693 0.11538461538461539   
1 0.15144230769230768 0.7884615384615384 0.14182692307692307 0.09375   
1 0.2824519230769231 0.5396634615384616 0.07932692307692307 0.2644230769230769   
1 0.31850961538461536 0.8786057692307693 0.11778846153846154 0.23317307692307693   
1 0.31009615384615385 0.25 0.07211538461538461 0.10817307692307693   
1 0.30649038461538464 0.16346153846153846 0.06009615384615385 0.07211538461538461   
1 0.31490384615384615 0.3557692307692308 0.07932692307692307 0.10817307692307693   
1 0.3088942307692308 0.0733173076923077 0.055288461538461536 0.14423076923076922   
1 0.34375 0.5961538461538461 0.055288461538461536 0.13942307692307693   
1 0.34375 0.6478365384615384 0.04567307692307692 0.10096153846153846   
1 0.6117788461538461 0.7427884615384616 0.4326923076923077 0.5144230769230769   
1 0.5276442307692307 0.028846153846153848 0.18990384615384615 0.057692307692307696   
1 0.6069711538461539 0.07692307692307693 0.14182692307692307 0.14423076923076922   
1 0.6105769230769231 0.15745192307692307 0.1346153846153846 0.08653846153846154   
1 0.6141826923076923 0.375 0.13942307692307693 0.07932692307692307   
1 0.6129807692307693 0.22596153846153846 0.1346153846153846 0.07211538461538461   
1 0.6177884615384616 0.29086538461538464 0.12740384615384615 0.06009615384615385   
1 0.6213942307692307 0.4483173076923077 0.125 0.07692307692307693   
1 0.625 0.5264423076923077 0.12740384615384615 0.09615384615384616   
1 0.6622596153846154 0.6153846153846154 0.06490384615384616 0.06971153846153846   
1 0.796875 0.15985576923076922 0.03365384615384615 0.1346153846153846   
1 0.7992788461538461 0.25961538461538464 0.036057692307692304 0.06971153846153846   
1 0.7992788461538461 0.3389423076923077 0.026442307692307692 0.08653846153846154   
1 0.796875 0.39663461538461536 0.019230769230769232 0.02403846153846154   
1 0.8966346153846154 0.046875 0.20673076923076922 0.0673076923076923   
1 0.8425480769230769 0.11658653846153846 0.06490384615384616 0.0625   
1 0.8942307692307693 0.18269230769230768 0.1658653846153846 0.09134615384615384   
1 0.8882211538461539 0.2848557692307692 0.14423076923076922 0.10576923076923077   
1 0.8942307692307693 0.3858173076923077 0.15384615384615385 0.08653846153846154   
1 0.8930288461538461 0.09975961538461539 0.057692307692307696 0.08413461538461539   
1 0.9182692307692307 0.4567307692307692 0.0889423076923077 0.040865384615384616   
1 0.9375 0.6069711538461539 0.12259615384615384 0.27403846153846156   
1 0.9387019230769231 0.08533653846153846 0.055288461538461536 0.0841346153846153   
