1 0.03485576923076923 0.3425480769230769 0.06009615384615385 0.6850961538461539   
1 0.06490384615384616 0.3629807692307692 0.057692307692307696 0.7259615384615384   
1 0.1502403846153846 0.3581730769230769 0.18509615384615385 0.7163461538461539   
1 0.29086538461538464 0.35096153846153844 0.08413461538461539 0.6947115384615384   
1 0.36177884615384615 0.35336538461538464 0.07932692307692307 0.7067307692307693   
1 0.3870192307692308 0.37740384615384615 0.08653846153846154 0.6682692307692307   
1 0.4519230769230769 0.3016826923076923 0.07451923076923077 0.4495192307692308   
1 0.49399038461538464 0.28846153846153844 0.05048076923076923 0.45913461538461536   
1 0.5480769230769231 0.3605769230769231 0.06009615384615385 0.5865384615384616   
1 0.5697115384615384 0.3701923076923077 0.06971153846153846 0.6009615384615384   
1 0.6057692307692307 0.38100961538461536 0.05048076923076923 0.6346153846153846   
1 0.6382211538461539 0.28365384615384615 0.04326923076923077 0.4543269230769231   
1 0.6682692307692307 0.29086538461538464 0.028846153846153848 0.4182692307692308   
1 0.7091346153846154 0.265625 0.07932692307692307 0.5216346153846154   
1 0.7548076923076923 0.3737980769230769 0.06009615384615385 0.59375   
1 0.8088942307692307 0.37740384615384615 0.1346153846153846 0.6057692307692307   
1 0.8822115384615384 0.3894230769230769 0.11538461538461539 0.5913461538461539   
1 0.9519230769230769 0.3918269230769231 0.09375 0.627403846153846   
