1 0.007211538461538462 0.6550480769230769 0.014423076923076924 0.10096153846153846   
1 0.015625 0.9519230769230769 0.03125 0.09375   
1 0.38341346153846156 0.11057692307692307 0.7668269230769231 0.11778846153846154   
1 0.03245192307692308 0.8137019230769231 0.028846153846153848 0.11538461538461539   
1 0.39302884615384615 0.28725961538461536 0.75 0.13942307692307693   
1 0.44591346153846156 0.006009615384615385 0.16826923076923078 0.01201923076923077   
1 0.7019230769230769 0.006009615384615385 0.18269230769230768 0.01201923076923077   
1 0.7091346153846154 0.4230769230769231 0.125 0.11298076923076923   
1 0.7307692307692307 0.6370192307692307 0.04326923076923077 0.11538461538461539   
1 0.7608173076923077 0.6358173076923077 0.04326923076923077 0.12740384615384615   
1 0.7632211538461539 0.2776442307692308 0.021634615384615384 0.1201923076923077   
1 0.9050480769230769 0.6165865384615384 0.18509615384615385 0.15144230769230768   
1 0.8737980769230769 0.8112980769230769 0.10096153846153846 0.1778846153846154   
1 0.9122596153846154 0.41466346153846156 0.17307692307692307 0.14182692307692307   
1 0.9146634615384616 0.11778846153846154 0.16826923076923078 0.12259615384615384   
1 0.9146634615384616 0.27403846153846156 0.16826923076923078 0.1129807692307692   
