4 0.042067307692307696 0.15865384615384615 0.08413461538461539 0.25721153846153844   
4 0.09975961538461539 0.16466346153846154 0.07451923076923077 0.25240384615384615   
4 0.1622596153846154 0.20072115384615385 0.04326923076923077 0.1875   
4 0.18990384615384615 0.06009615384615385 0.038461538461538464 0.1201923076923077   
4 0.2127403846153846 0.203125 0.04807692307692308 0.1971153846153846   
4 0.30528846153846156 0.4026442307692308 0.10576923076923077 0.42788461538461536   
4 0.35216346153846156 0.3389423076923077 0.07211538461538461 0.36538461538461536   
4 0.3581730769230769 0.23798076923076922 0.040865384615384616 0.16105769230769232   
4 0.39783653846153844 0.23557692307692307 0.03125 0.15625   
4 0.421875 0.21875 0.052884615384615384 0.1562   
