1 0.0829326923076923 0.8774038461538461 0.1658653846153846 0.0673076923076923   
1 0.08653846153846154 0.8257211538461539 0.17307692307692307 0.07692307692307693   
1 0.0889423076923077 0.7644230769230769 0.16826923076923078 0.10336538461538461   
1 0.13942307692307693 0.9362980769230769 0.026442307692307692 0.038461538461538464   
1 0.3161057692307692 0.9146634615384616 0.14423076923076922 0.0673076923076923   
1 0.3161057692307692 0.9735576923076923 0.13942307692307693 0.052884615384615384   
1 0.3245192307692308 0.8557692307692307 0.13942307692307693 0.06490384615384616   
1 0.29447115384615385 0.7872596153846154 0.05048076923076923 0.052884615384615384   
1 0.34615384615384615 0.8028846153846154 0.036057692307692304 0.0673076923076923   
1 0.38100961538461536 0.8100961538461539 0.026442307692307692 0.06971153846153846   
1 0.53125 0.9867788461538461 0.08413461538461539 0.02403846153846154   
1 0.5324519230769231 0.9459134615384616 0.08173076923076923 0.057692307692307696   
1 0.5324519230769231 0.875 0.07451923076923077 0.07692307692307693   
1 0.5360576923076923 0.8209134615384616 0.08413461538461539 0.09375   
1 0.6009615384615384 0.9411057692307693 0.0673076923076923 0.06009615384615385   
1 0.6033653846153846 0.8894230769230769 0.0673076923076923 0.04807692307692308   
1 0.6069711538461539 0.9783653846153846 0.06009615384615385 0.04326923076923077   
1 0.6129807692307693 0.8497596153846154 0.057692307692307696 0.062   
