1 0.30649038461538464 0.7980769230769231 0.33653846153846156 0.18509615384615385   
1 0.06129807692307692 0.18870192307692307 0.12259615384615384 0.12259615384615384   
1 0.08413461538461539 0.41466346153846156 0.16826923076923078 0.11298076923076923   
1 0.11899038461538461 0.056490384615384616 0.23798076923076922 0.11298076923076923   
1 0.12620192307692307 0.5805288461538461 0.25 0.11298076923076923   
1 0.21875 0.20432692307692307 0.15384615384615385 0.08653846153846154   
1 0.8329326923076923 0.6983173076923077 0.27163461538461536 0.2956730769230769   
1 0.9002403846153846 0.5348557692307693 0.1971153846153846 0.33653846153846156   
1 0.9411057692307693 0.018028846153846152 0.11538461538461539 0.036057692307692304   
1 0.9519230769230769 0.24278846153846154 0.09134615384615384 0.1586538461538461   
