4 0.09495192307692307 0.5588942307692307 0.15625 0.8605769230769231   
4 0.1935096153846154 0.5757211538461539 0.14182692307692307 0.8125   
4 0.2860576923076923 0.5588942307692307 0.09615384615384616 0.7956730769230769   
4 0.3954326923076923 0.5793269230769231 0.07692307692307693 0.8245192307692307   
4 0.48677884615384615 0.5516826923076923 0.08413461538461539 0.8197115384615384   
4 0.5865384615384616 0.5709134615384616 0.0889423076923077 0.8100961538461539   
4 0.6923076923076923 0.5552884615384616 0.10096153846153846 0.7980769230769231   
4 0.7908653846153846 0.5612980769230769 0.16826923076923078 0.7860576923076923   
4 0.8834134615384616 0.5697115384615384 0.1778846153846154 0.7908653846153846   
4 0.9338942307692307 0.46153846153846156 0.13221153846153846 0.5985576923076923   
4 0.9891826923076923 0.24879807692307693 0.019230769230769232 0.1682692307692307   
