1 0.030048076923076924 0.5516826923076923 0.06009615384615385 0.1658653846153846   
1 0.04447115384615385 0.7728365384615384 0.0889423076923077 0.13942307692307693   
1 0.11298076923076923 0.5709134615384616 0.08413461538461539 0.13221153846153846   
1 0.12379807692307693 0.7908653846153846 0.02403846153846154 0.10576923076923077   
1 0.15504807692307693 0.7235576923076923 0.07692307692307693 0.04807692307692308   
1 0.15504807692307693 0.7932692307692307 0.0625 0.13221153846153846   
1 0.20192307692307693 0.5625 0.0985576923076923 0.18028846153846154   
1 0.1935096153846154 0.8088942307692307 0.026442307692307692 0.12259615384615384   
1 0.24519230769230768 0.7824519230769231 0.0985576923076923 0.20432692307692307   
1 0.31009615384615385 0.609375 0.125 0.12980769230769232   
1 0.3425480769230769 0.8064903846153846 0.11778846153846154 0.21153846153846154   
1 0.4495192307692308 0.6033653846153846 0.12980769230769232 0.1875   
1 0.46875 0.8713942307692307 0.15384615384615385 0.1778846153846154   
1 0.5673076923076923 0.609375 0.13221153846153846 0.21875   
1 0.6177884615384616 0.8858173076923077 0.1201923076923077 0.20192307692307693   
1 0.6358173076923077 0.3137019230769231 0.0889423076923077 0.13701923076923078   
1 0.7608173076923077 0.6418269230769231 0.16346153846153846 0.2283653846153846   
1 0.7788461538461539 0.9230769230769231 0.14903846153846154 0.14423076923076922   
1 0.9170673076923077 0.671875 0.16105769230769232 0.19230769230769232   
1 0.9375 0.9254807692307693 0.12259615384615384 0.1418269230769230   
