1 0.013221153846153846 0.15865384615384615 0.026442307692307692 0.06009615384615385   
1 0.019230769230769232 0.2247596153846154 0.038461538461538464 0.0673076923076923   
1 0.019230769230769232 0.2932692307692308 0.038461538461538464 0.09375   
1 0.06370192307692307 0.037259615384615384 0.12740384615384615 0.07451923076923077   
1 0.0829326923076923 0.08533653846153846 0.1658653846153846 0.04567307692307692   
1 0.052884615384615384 0.14182692307692307 0.07211538461538461 0.04567307692307692   
1 0.057692307692307696 0.19471153846153846 0.07451923076923077 0.04326923076923077   
1 0.2283653846153846 0.4026442307692308 0.41346153846153844 0.08653846153846154   
1 0.06129807692307692 0.24278846153846154 0.055288461538461536 0.038461538461538464   
1 0.06610576923076923 0.2920673076923077 0.06009615384615385 0.040865384615384616   
1 0.07211538461538461 0.33533653846153844 0.06971153846153846 0.036057692307692304   
1 0.0733173076923077 0.3858173076923077 0.0625 0.040865384615384616   
1 0.11298076923076923 0.5216346153846154 0.14423076923076922 0.06490384615384616   
1 0.07211538461538461 0.4230769230769231 0.028846153846153848 0.036057692307692304   
1 0.09735576923076923 0.5925480769230769 0.06009615384615385 0.055288461538461536   
1 0.13942307692307693 0.2848557692307692 0.11538461538461539 0.11298076923076923   
1 0.15865384615384615 0.18870192307692307 0.1346153846153846 0.04326923076923077   
1 0.15865384615384615 0.14182692307692307 0.125 0.04326923076923077   
1 0.1658653846153846 0.23677884615384615 0.13221153846153846 0.04567307692307692   
1 0.12860576923076922 0.6045673076923077 0.03125 0.0673076923076923   
1 0.29927884615384615 0.3293269230769231 0.3004807692307692 0.04326923076923077   
1 0.16947115384615385 0.046875 0.02403846153846154 0.03365384615384615   
1 0.18028846153846154 0.08173076923076923 0.019230769230769232 0.028846153846153848   
1 0.2932692307692308 0.53125 0.21634615384615385 0.06971153846153846   
1 0.20072115384615385 0.07932692307692307 0.026442307692307692 0.036057692307692304   
1 0.21394230769230768 0.28846153846153844 0.036057692307692304 0.04567307692307692   
1 0.2824519230769231 0.13822115384615385 0.12259615384615384 0.04326923076923077   
1 0.2848557692307692 0.24158653846153846 0.12259615384615384 0.040865384615384616   
1 0.23557692307692307 0.08533653846153846 0.019230769230769232 0.028846153846153848   
1 0.28846153846153844 0.1875 0.1201923076923077 0.038461538461538464   
1 0.28725961538461536 0.28725961538461536 0.11298076923076923 0.04567307692307692   
1 0.25961538461538464 0.6033653846153846 0.04567307692307692 0.06490384615384616   
1 0.3173076923076923 0.06129807692307692 0.14423076923076922 0.06971153846153846   
1 0.3449519230769231 0.5949519230769231 0.1201923076923077 0.06009615384615385   
1 0.4026442307692308 0.140625 0.11778846153846154 0.04326923076923077   
1 0.40384615384615385 0.24278846153846154 0.10817307692307693 0.040865384615384616   
1 0.40384615384615385 0.19110576923076922 0.10817307692307693 0.04326923076923077   
1 0.41225961538461536 0.2932692307692308 0.10817307692307693 0.03365384615384615   
1 0.41466346153846156 0.05889423076923077 0.04326923076923077 0.06009615384615385   
1 0.4723557692307692 0.5492788461538461 0.0985576923076923 0.07211538461538461   
1 0.4519230769230769 0.0829326923076923 0.02403846153846154 0.03125   
1 0.5288461538461539 0.19471153846153846 0.13942307692307693 0.038461538461538464   
1 0.5288461538461539 0.14302884615384615 0.12740384615384615 0.04807692307692308   
1 0.53125 0.078125 0.12980769230769232 0.04326923076923077   
1 0.5444711538461539 0.3858173076923077 0.0625 0.036057692307692304   
1 0.5552884615384616 0.2932692307692308 0.08173076923076923 0.04326923076923077   
1 0.5564903846153846 0.3401442307692308 0.08173076923076923 0.038461538461538464   
1 0.5576923076923077 0.24158653846153846 0.08413461538461539 0.040865384615384616   
1 0.6838942307692307 0.12139423076923077 0.1658653846153846 0.197115384615384   
