4 0.8725961538461539 0.20552884615384615 0.2091346153846154 0.4014423076923077   
4 0.014423076923076924 0.7367788461538461 0.028846153846153848 0.19951923076923078   
4 0.025240384615384616 0.8161057692307693 0.05048076923076923 0.3629807692307692   
4 0.06610576923076923 0.7872596153846154 0.09134615384615384 0.4254807692307692   
4 0.09735576923076923 0.2800480769230769 0.038461538461538464 0.3293269230769231   
4 0.11778846153846154 0.8209134615384616 0.04807692307692308 0.3581730769230769   
4 0.13942307692307693 0.2800480769230769 0.03365384615384615 0.31971153846153844   
4 0.16706730769230768 0.8257211538461539 0.04807692307692308 0.34615384615384615   
4 0.18509615384615385 0.2800480769230769 0.036057692307692304 0.34615384615384615   
4 0.21394230769230768 0.8173076923076923 0.04807692307692308 0.36538461538461536   
4 0.2512019230769231 0.2824519230769231 0.02403846153846154 0.34375   
4 0.28966346153846156 0.28125 0.028846153846153848 0.3269230769230769   
4 0.31850961538461536 0.2920673076923077 0.026442307692307692 0.30288461538461536   
4 0.3557692307692308 0.8004807692307693 0.028846153846153848 0.39903846153846156   
4 0.3605769230769231 0.2776442307692308 0.021634615384615384 0.33413461538461536   
4 0.390625 0.8028846153846154 0.028846153846153848 0.3942307692307692   
4 0.3918269230769231 0.26802884615384615 0.02403846153846154 0.34615384615384615   
4 0.4326923076923077 0.2692307692307692 0.03365384615384615 0.3245192307692308   
4 0.4375 0.7944711538461539 0.026442307692307692 0.40865384615384615   
4 0.45913461538461536 0.2776442307692308 0.028846153846153848 0.3076923076923077   
4 0.47716346153846156 0.7956730769230769 0.028846153846153848 0.3870192307692308   
4 0.49759615384615385 0.2704326923076923 0.026442307692307692 0.32211538461538464   
4 0.5264423076923077 0.7980769230769231 0.028846153846153848 0.40384615384615385   
4 0.5757211538461539 0.21514423076923078 0.04326923076923077 0.3894230769230769   
4 0.5745192307692307 0.7944711538461539 0.038461538461538464 0.40865384615384615   
4 0.6189903846153846 0.796875 0.038461538461538464 0.40625   
4 0.6165865384615384 0.22596153846153846 0.03125 0.37259615384615385   
4 0.6538461538461539 0.20432692307692307 0.036057692307692304 0.38461538461538464   
4 0.6694711538461539 0.7956730769230769 0.057692307692307696 0.40625   
4 0.6911057692307693 0.21875 0.036057692307692304 0.36778846153846156   
4 0.7139423076923077 0.796875 0.0625 0.40625   
4 0.7235576923076923 0.21754807692307693 0.03125 0.3918269230769231   
4 0.7668269230769231 0.8401442307692307 0.06009615384615385 0.31971153846153844   
4 0.7584134615384616 0.21754807692307693 0.02403846153846154 0.3581730769230769   
4 0.796875 0.22115384615384615 0.03125 0.36778846153846156   
4 0.8317307692307693 0.21514423076923078 0.03125 0.3894230769230769   
4 0.8665865384615384 0.2091346153846154 0.036057692307692304 0.375   
4 0.9026442307692307 0.20432692307692307 0.038461538461538464 0.3798076923076923   
4 0.9387019230769231 0.203125 0.038461538461538464 0.3725961538461538   
