1 0.3894230769230769 0.3954326923076923 0.11778846153846154 0.06009615384615385   
1 0.5721153846153846 0.5889423076923077 0.08173076923076923 0.06971153846153846   
1 0.578125 0.5108173076923077 0.07451923076923077 0.07692307692307693   
1 0.6442307692307693 0.07451923076923077 0.10096153846153846 0.06490384615384616   
1 0.6346153846153846 0.23197115384615385 0.07451923076923077 0.06009615384615385   
1 0.6382211538461539 0.3701923076923077 0.08173076923076923 0.06490384615384616   
1 0.6418269230769231 0.15504807692307693 0.08653846153846154 0.06971153846153846   
1 0.640625 0.3016826923076923 0.08173076923076923 0.057692307692307696   
1 0.6418269230769231 0.4495192307692308 0.08173076923076923 0.0673076923076923   
1 0.7307692307692307 0.21634615384615385 0.11057692307692307 0.07211538461538461   
1 0.7319711538461539 0.3701923076923077 0.10336538461538461 0.07932692307692307   
1 0.7331730769230769 0.2860576923076923 0.10576923076923077 0.07211538461538461   
1 0.7331730769230769 0.4567307692307692 0.10096153846153846 0.0673076923076923   
1 0.734375 0.6117788461538461 0.10336538461538461 0.06971153846153846   
1 0.7367788461538461 0.14423076923076922 0.10576923076923077 0.07451923076923077   
1 0.7091346153846154 0.5144230769230769 0.03125 0.055288461538461536   
1 0.7536057692307693 0.5300480769230769 0.057692307692307696 0.07692307692307693   
1 0.8449519230769231 0.2920673076923077 0.10576923076923077 0.07211538461538461   
1 0.8569711538461539 0.37740384615384615 0.13221153846153846 0.08413461538461539   
1 0.8569711538461539 0.4567307692307692 0.13221153846153846 0.0625   
1 0.8149038461538461 0.5420673076923077 0.04567307692307692 0.06009615384615385   
1 0.8978365384615384 0.08774038461538461 0.20192307692307693 0.14182692307692307   
1 0.8990384615384616 0.18870192307692307 0.19951923076923078 0.10096153846153846   
1 0.9639423076923077 0.3798076923076923 0.06971153846153846 0.0889423076923077   
1 0.9651442307692307 0.47716346153846156 0.06971153846153846 0.08413461538461539   
1 0.9675480769230769 0.28125 0.06490384615384616 0.0889423076923077   
1 0.9567307692307693 0.578125 0.03365384615384615 0.0769230769230769   
