1 0.25961538461538464 0.30649038461538464 0.46634615384615385 0.09615384615384616   
1 0.26322115384615385 0.6165865384615384 0.47596153846153844 0.2091346153846154   
1 0.24158653846153846 0.25600961538461536 0.42788461538461536 0.07932692307692307   
1 0.26322115384615385 0.7644230769230769 0.46153846153846156 0.09134615384615384   
1 0.24879807692307693 0.39903846153846156 0.42788461538461536 0.07692307692307693   
1 0.24879807692307693 0.4831730769230769 0.4182692307692308 0.10336538461538461   
1 0.2536057692307692 0.5540865384615384 0.41586538461538464 0.09615384615384616   
1 0.2536057692307692 0.6213942307692307 0.41586538461538464 0.04807692307692308   
1 0.6850961538461539 0.41947115384615385 0.44711538461538464 0.12259615384615384   
1 0.7259615384615384 0.5456730769230769 0.5120192307692307 0.15625   
1 0.7091346153846154 0.4795673076923077 0.4495192307692308 0.11298076923076923   
1 0.7247596153846154 0.4014423076923077 0.47115384615384615 0.07932692307692307   
1 0.7439903846153846 0.7752403846153846 0.5096153846153846 0.125   
1 0.7199519230769231 0.31009615384615385 0.4519230769230769 0.11778846153846154   
1 0.7307692307692307 0.6550480769230769 0.4735576923076923 0.16826923076923078   
1 0.7139423076923077 0.3737980769230769 0.4254807692307692 0.10576923076923077   
1 0.7319711538461539 0.21875 0.4543269230769231 0.16105769230769232   
1 0.7247596153846154 0.5961538461538461 0.4254807692307692 0.0817307692307692   
