1 0.05889423076923077 0.4735576923076923 0.11778846153846154 0.11538461538461539   
1 0.07692307692307693 0.3317307692307692 0.15384615384615385 0.10576923076923077   
1 0.07572115384615384 0.6045673076923077 0.14182692307692307 0.12740384615384615   
1 0.09975961538461539 0.7415865384615384 0.15384615384615385 0.1466346153846154   
1 0.12620192307692307 0.8521634615384616 0.18269230769230768 0.1875   
1 0.06009615384615385 0.33653846153846156 0.02403846153846154 0.09134615384615384   
1 0.23557692307692307 0.34975961538461536 0.14903846153846154 0.0673076923076923   
1 0.26322115384615385 0.45552884615384615 0.11778846153846154 0.07692307692307693   
1 0.26802884615384615 0.5408653846153846 0.12259615384615384 0.10336538461538461   
1 0.2704326923076923 0.6382211538461539 0.11538461538461539 0.12259615384615384   
1 0.2704326923076923 0.7355769230769231 0.10096153846153846 0.12259615384615384   
1 0.359375 0.36177884615384615 0.06971153846153846 0.04807692307692308   
1 0.3629807692307692 0.43990384615384615 0.07451923076923077 0.057692307692307696   
1 0.36778846153846156 0.5973557692307693 0.07451923076923077 0.08173076923076923   
1 0.3701923076923077 0.5132211538461539 0.07692307692307693 0.07211538461538461   
1 0.3701923076923077 0.6706730769230769 0.06490384615384616 0.10096153846153846   
1 0.4182692307692308 0.36778846153846156 0.04567307692307692 0.04567307692307692   
1 0.42788461538461536 0.4338942307692308 0.05048076923076923 0.052884615384615384   
1 0.42427884615384615 0.6262019230769231 0.038461538461538464 0.052884615384615384   
1 0.4230769230769231 0.5024038461538461 0.03365384615384615 0.04807692307692308   
1 0.4266826923076923 0.5637019230769231 0.040865384615384616 0.04807692307692308   
1 0.4699519230769231 0.375 0.05048076923076923 0.052884615384615384   
1 0.4735576923076923 0.4362980769230769 0.036057692307692304 0.04567307692307692   
1 0.47475961538461536 0.4831730769230769 0.038461538461538464 0.040865384615384616   
1 0.47596153846153844 0.5372596153846154 0.040865384615384616 0.055288461538461536   
1 0.47716346153846156 0.5889423076923077 0.04326923076923077 0.0625   
1 0.5048076923076923 0.42427884615384615 0.021634615384615384 0.028846153846153848   
1 0.5060096153846154 0.47475961538461536 0.02403846153846154 0.036057692307692304   
1 0.5072115384615384 0.3713942307692308 0.021634615384615384 0.03125   
1 0.5120192307692307 0.5144230769230769 0.028846153846153848 0.03125   
1 0.5132211538461539 0.5637019230769231 0.02403846153846154 0.03125   
1 0.9663461538461539 0.5516826923076923 0.0673076923076923 0.0985576923076923   
1 0.9675480769230769 0.4362980769230769 0.06009615384615385 0.09375   
1 0.9675480769230769 0.6706730769230769 0.06490384615384616 0.08173076923076923   
1 0.9699519230769231 0.3173076923076923 0.06009615384615385 0.088942307692307   
