1 0.1045673076923077 0.20072115384615385 0.09375 0.13221153846153846   
1 0.16466346153846154 0.17548076923076922 0.028846153846153848 0.09615384615384616   
1 0.27163461538461536 0.006009615384615385 0.13221153846153846 0.01201923076923077   
1 0.28365384615384615 0.15625 0.13221153846153846 0.06490384615384616   
1 0.2776442307692308 0.08413461538461539 0.11778846153846154 0.07692307692307693   
1 0.28125 0.21875 0.11778846153846154 0.04567307692307692   
1 0.4074519230769231 0.010817307692307692 0.13221153846153846 0.021634615384615384   
1 0.41225961538461536 0.06370192307692307 0.11778846153846154 0.09375   
1 0.41225961538461536 0.16346153846153846 0.11778846153846154 0.08173076923076923   
1 0.3737980769230769 0.15745192307692307 0.036057692307692304 0.062   
