1 0.018028846153846152 0.1141826923076923 0.036057692307692304 0.06971153846153846   
1 0.021634615384615384 0.19591346153846154 0.04326923076923077 0.0889423076923077   
1 0.021634615384615384 0.3016826923076923 0.04326923076923077 0.07451923076923077   
1 0.019230769230769232 0.02283653846153846 0.038461538461538464 0.04567307692307692   
1 0.025240384615384616 0.38221153846153844 0.04807692307692308 0.09134615384615384   
1 0.4362980769230769 0.23677884615384615 0.21875 0.10336538461538461   
1 0.44711538461538464 0.12259615384615384 0.2283653846153846 0.13942307692307693   
1 0.4411057692307692 0.03485576923076923 0.21153846153846154 0.06490384615384616   
1 0.9206730769230769 0.6213942307692307 0.15865384615384615 0.15384615384615385   
1 0.9362980769230769 0.484375 0.12740384615384615 0.1466346153846154   
1 0.9855769230769231 0.18509615384615385 0.028846153846153848 0.1129807692307692   
