1 0.5024038461538461 0.6129807692307693 0.04326923076923077 0.10576923076923077   
1 0.5288461538461539 0.5600961538461539 0.09615384615384616 0.14182692307692307   
1 0.5456730769230769 0.4098557692307692 0.1201923076923077 0.08653846153846154   
1 0.5973557692307693 0.5552884615384616 0.04567307692307692 0.11538461538461539   
1 0.6887019230769231 0.6586538461538461 0.13701923076923078 0.21394230769230768   
1 0.7439903846153846 0.5709134615384616 0.15384615384615385 0.16346153846153846   
1 0.7151442307692307 0.421875 0.07211538461538461 0.10576923076923077   
1 0.7596153846153846 0.39663461538461536 0.06971153846153846 0.0625   
1 0.7644230769230769 0.7151442307692307 0.05048076923076923 0.10576923076923077   
1 0.7932692307692307 0.6730769230769231 0.05048076923076923 0.1105769230769230   
