1 0.18990384615384615 0.08413461538461539 0.3798076923076923 0.1201923076923077   
1 0.1971153846153846 0.22115384615384615 0.3942307692307692 0.12740384615384615   
1 0.140625 0.6370192307692307 0.20673076923076922 0.0889423076923077   
1 0.07451923076923077 0.5132211538461539 0.040865384615384616 0.12259615384615384   
1 0.10216346153846154 0.5108173076923077 0.021634615384615384 0.11298076923076923   
1 0.15625 0.5961538461538461 0.08173076923076923 0.01201923076923077   
1 0.25240384615384615 0.36177884615384615 0.2668269230769231 0.125   
1 0.24759615384615385 0.5096153846153846 0.23798076923076922 0.14423076923076922   
1 0.28725961538461536 0.7896634615384616 0.22355769230769232 0.0985576923076923   
1 0.2824519230769231 0.5949519230769231 0.07451923076923077 0.038461538461538464   
1 0.33052884615384615 0.6177884615384616 0.125 0.06009615384615385   
1 0.46634615384615385 0.5961538461538461 0.23557692307692307 0.0985576923076923   
1 0.7620192307692307 0.5697115384615384 0.20432692307692307 0.04326923076923077   
1 0.8870192307692307 0.13221153846153846 0.13942307692307693 0.09134615384615384   
1 0.9014423076923077 0.22956730769230768 0.14903846153846154 0.09375   
1 0.9026442307692307 0.3293269230769231 0.13221153846153846 0.09375   
1 0.9158653846153846 0.43509615384615385 0.1346153846153846 0.0889423076923077   
1 0.9723557692307693 0.14182692307692307 0.052884615384615384 0.057692307692307696   
1 0.9855769230769231 0.2439903846153846 0.026442307692307692 0.06009615384615385   
1 0.9915865384615384 0.34134615384615385 0.016826923076923076 0.062   
