1 0.026442307692307692 0.23918269230769232 0.052884615384615384 0.10336538461538461   
1 0.040865384615384616 0.47475961538461536 0.08173076923076923 0.04567307692307692   
1 0.042067307692307696 0.5228365384615384 0.08413461538461539 0.0625   
1 0.06370192307692307 0.3918269230769231 0.12740384615384615 0.07932692307692307   
1 0.07932692307692307 0.7319711538461539 0.15865384615384615 0.18269230769230768   
1 0.09014423076923077 0.328125 0.09134615384615384 0.06971153846153846   
1 0.09615384615384616 0.26802884615384615 0.0889423076923077 0.09615384615384616   
1 0.11057692307692307 0.5961538461538461 0.04567307692307692 0.09134615384615384   
1 0.24879807692307693 0.45913461538461536 0.16346153846153846 0.39903846153846156   
1 0.3641826923076923 0.4891826923076923 0.055288461538461536 0.23798076923076922   
1 0.7235576923076923 0.6057692307692307 0.24759615384615385 0.09615384615384616   
1 0.6923076923076923 0.4651442307692308 0.021634615384615384 0.22115384615384615   
1 0.7788461538461539 0.9399038461538461 0.13942307692307693 0.11778846153846154   
1 0.7644230769230769 0.453125 0.06971153846153846 0.28125   
1 0.9362980769230769 0.49399038461538464 0.12740384615384615 0.6370192307692307   
1 0.9302884615384616 0.8521634615384616 0.10336538461538461 0.0793269230769230   
