1 0.07692307692307693 0.5324519230769231 0.15384615384615385 0.25721153846153844   
1 0.17067307692307693 0.25841346153846156 0.15144230769230768 0.23798076923076922   
1 0.3137019230769231 0.4987980769230769 0.1778846153846154 0.38461538461538464   
1 0.33774038461538464 0.21875 0.14423076923076922 0.22596153846153846   
1 0.46153846153846156 0.5228365384615384 0.12980769230769232 0.29086538461538464   
1 0.4735576923076923 0.23798076923076922 0.10576923076923077 0.24519230769230768   
1 0.6117788461538461 0.5120192307692307 0.12980769230769232 0.2980769230769231   
1 0.6009615384615384 0.2620192307692308 0.10096153846153846 0.21153846153846154   
1 0.7475961538461539 0.24759615384615385 0.13701923076923078 0.24278846153846154   
1 0.7800480769230769 0.5084134615384616 0.16346153846153846 0.31009615384615385   
1 0.8894230769230769 0.2403846153846154 0.15144230769230768 0.21634615384615385   
1 0.9278846153846154 0.5228365384615384 0.14423076923076922 0.2836538461538461   
