1 0.6069711538461539 0.8413461538461539 0.7836538461538461 0.22355769230769232   
1 0.296875 0.4110576923076923 0.1201923076923077 0.11298076923076923   
1 0.29086538461538464 0.29927884615384615 0.09375 0.10817307692307693   
1 0.39903846153846156 0.4074519230769231 0.11298076923076923 0.10576923076923077   
1 0.4050480769230769 0.2860576923076923 0.12259615384615384 0.10336538461538461   
1 0.5144230769230769 0.2776442307692308 0.12980769230769232 0.11538461538461539   
1 0.4795673076923077 0.40384615384615385 0.028846153846153848 0.09615384615384616   
1 0.6478365384615384 0.2692307692307692 0.14182692307692307 0.11538461538461539   
1 0.65625 0.39663461538461536 0.10336538461538461 0.12259615384615384   
1 0.7355769230769231 0.71875 0.16346153846153846 0.0673076923076923   
1 0.7439903846153846 0.6995192307692307 0.17548076923076922 0.12740384615384615   
1 0.7884615384615384 0.2608173076923077 0.17307692307692307 0.12259615384615384   
1 0.8521634615384616 0.5444711538461539 0.2932692307692308 0.14182692307692307   
1 0.7788461538461539 0.39302884615384615 0.13701923076923078 0.12259615384615384   
1 0.9278846153846154 0.38461538461538464 0.14423076923076922 0.125   
1 0.9326923076923077 0.24519230769230768 0.1346153846153846 0.134615384615384   
