1 0.125 0.6177884615384616 0.014423076923076924 0.028846153846153848   
1 0.13221153846153846 0.35096153846153844 0.026442307692307692 0.04326923076923077   
1 0.12620192307692307 0.5 0.014423076923076924 0.038461538461538464   
1 0.16346153846153846 0.40024038461538464 0.08653846153846154 0.04567307692307692   
1 0.13942307692307693 0.45552884615384615 0.03365384615384615 0.04567307692307692   
1 0.16466346153846154 0.35216346153846156 0.03365384615384615 0.038461538461538464   
1 0.19110576923076922 0.3473557692307692 0.016826923076923076 0.05048076923076923   
1 0.24519230769230768 0.5144230769230769 0.11298076923076923 0.06971153846153846   
1 0.21754807692307693 0.35096153846153844 0.028846153846153848 0.04326923076923077   
1 0.23317307692307693 0.5721153846153846 0.057692307692307696 0.05048076923076923   
1 0.24639423076923078 0.39302884615384615 0.07932692307692307 0.03125   
1 0.24879807692307693 0.43509615384615385 0.07692307692307693 0.052884615384615384   
1 0.21995192307692307 0.46875 0.019230769230769232 0.009615384615384616   
1 0.23076923076923078 0.65625 0.03125 0.07451923076923077   
1 0.2620192307692308 0.7427884615384616 0.0625 0.07451923076923077   
1 0.24278846153846154 0.34975961538461536 0.014423076923076924 0.04326923076923077   
1 0.26322115384615385 0.6382211538461539 0.036057692307692304 0.05048076923076923   
1 0.25961538461538464 0.35216346153846156 0.019230769230769232 0.038461538461538464   
1 0.2692307692307692 0.34975961538461536 0.019230769230769232 0.04567307692307692   
1 0.29086538461538464 0.6274038461538461 0.02403846153846154 0.04326923076923077   
1 0.29927884615384615 0.36177884615384615 0.026442307692307692 0.04567307692307692   
1 0.3293269230769231 0.35336538461538464 0.040865384615384616 0.038461538461538464   
1 0.3317307692307692 0.39783653846153844 0.028846153846153848 0.040865384615384616   
1 0.3473557692307692 0.6310096153846154 0.021634615384615384 0.06009615384615385   
1 0.36899038461538464 0.38822115384615385 0.04326923076923077 0.055288461538461536   
1 0.375 0.4411057692307692 0.04326923076923077 0.05048076923076923   
1 0.3798076923076923 0.59375 0.04326923076923077 0.0625   
1 0.36778846153846156 0.6237980769230769 0.016826923076923076 0.0673076923076923   
1 0.3762019230769231 0.33533653846153844 0.03365384615384615 0.052884615384615384   
1 0.3762019230769231 0.7127403846153846 0.03365384615384615 0.07451923076923077   
1 0.3786057692307692 0.4879807692307692 0.036057692307692304 0.04326923076923077   
1 0.37740384615384615 0.5396634615384616 0.021634615384615384 0.04326923076923077   
1 0.38461538461538464 0.6213942307692307 0.014423076923076924 0.0625   
1 0.4182692307692308 0.32572115384615385 0.06009615384615385 0.06971153846153846   
1 0.4206730769230769 0.4387019230769231 0.055288461538461536 0.055288461538461536   
1 0.4254807692307692 0.37740384615384615 0.06009615384615385 0.0625   
1 0.421875 0.5492788461538461 0.04807692307692308 0.05048076923076923   
1 0.42908653846153844 0.6814903846153846 0.06009615384615385 0.09375   
1 0.4230769230769231 0.49278846153846156 0.04567307692307692 0.052884615384615384   
1 0.42908653846153844 0.6213942307692307 0.055288461538461536 0.06971153846153846   
1 0.48677884615384615 0.33413461538461536 0.021634615384615384 0.04807692307692308   
1 0.5276442307692307 0.7836538461538461 0.07692307692307693 0.03125   
1 0.4963942307692308 0.4098557692307692 0.014423076923076924 0.02403846153846154   
1 0.5096153846153846 0.39302884615384615 0.03365384615384615 0.05048076923076923   
1 0.5120192307692307 0.33653846153846156 0.03365384615384615 0.05048076923076923   
1 0.5120192307692307 0.4651442307692308 0.036057692307692304 0.057692307692307696   
1 0.5132211538461539 0.7043269230769231 0.03125 0.055288461538461536   
1 0.5228365384615384 0.5889423076923077 0.02403846153846154 0.04326923076923077   
1 0.5180288461538461 0.6442307692307693 0.009615384615384616 0.05048076923076923   
1 0.5516826923076923 0.3425480769230769 0.03365384615384615 0.038461538461538464   
1 0.5649038461538461 0.3798076923076923 0.057692307692307696 0.05048076923076923   
1 0.5492788461538461 0.46634615384615385 0.021634615384615384 0.04807692307692308   
1 0.5600961538461539 0.4254807692307692 0.04326923076923077 0.03365384615384615   
1 0.5588942307692307 0.5600961538461539 0.038461538461538464 0.052884615384615384   
1 0.5540865384615384 0.5120192307692307 0.02403846153846154 0.038461538461538464   
1 0.5552884615384616 0.6117788461538461 0.028846153846153848 0.04326923076923077   
1 0.5829326923076923 0.33533653846153844 0.02403846153846154 0.038461538461538464   
1 0.6298076923076923 0.33052884615384615 0.06490384615384616 0.04567307692307692   
1 0.6334134615384616 0.3737980769230769 0.06490384615384616 0.05048076923076923   
1 0.6370192307692307 0.42427884615384615 0.052884615384615384 0.04567307692307692   
1 0.703125 0.3173076923076923 0.026442307692307692 0.040865384615384616   
1 0.6995192307692307 0.3629807692307692 0.016826923076923076 0.028846153846153848   
1 0.7451923076923077 0.41586538461538464 0.038461538461538464 0.040865384615384616   
1 0.7451923076923077 0.38100961538461536 0.036057692307692304 0.038461538461538464   
1 0.7463942307692307 0.33774038461538464 0.03365384615384615 0.04326923076923077   
1 0.7596153846153846 0.5901442307692307 0.057692307692307696 0.04567307692307692   
1 0.7463942307692307 0.4987980769230769 0.019230769230769232 0.038461538461538464   
1 0.7548076923076923 0.5396634615384616 0.026442307692307692 0.03365384615384615   
1 0.765625 0.46033653846153844 0.040865384615384616 0.038461538461538464   
1 0.8713942307692307 0.8569711538461539 0.2548076923076923 0.28365384615384615   
1 0.7728365384615384 0.41947115384615385 0.03125 0.03125   
1 0.7740384615384616 0.4987980769230769 0.03365384615384615 0.040865384615384616   
1 0.7788461538461539 0.3798076923076923 0.03125 0.038461538461538464   
1 0.7764423076923077 0.33774038461538464 0.02403846153846154 0.04326923076923077   
1 0.7764423076923077 0.5444711538461539 0.02403846153846154 0.04326923076923077   
1 0.8245192307692307 0.4567307692307692 0.02403846153846154 0.038461538461538464   
1 0.8257211538461539 0.3233173076923077 0.021634615384615384 0.026442307692307692   
1 0.8257211538461539 0.3557692307692308 0.021634615384615384 0.04567307692307692   
1 0.828125 0.4098557692307692 0.02403846153846154 0.04567307692307692   
1 0.8293269230769231 0.5925480769230769 0.026442307692307692 0.038461538461538464   
1 0.8269230769230769 0.5 0.016826923076923076 0.038461538461538464   
1 0.8329326923076923 0.5444711538461539 0.026442307692307692 0.05048076923076923   
1 0.8509615384615384 0.3942307692307692 0.019230769230769232 0.04807692307692308   
1 0.8533653846153846 0.515625 0.021634615384615384 0.03125   
1 0.8533653846153846 0.48197115384615385 0.014423076923076924 0.03125   
1 0.8653846153846154 0.3233173076923077 0.038461538461538464 0.05048076923076923   
1 0.8653846153846154 0.4411057692307692 0.038461538461538464 0.038461538461538464   
1 0.8762019230769231 0.39783653846153844 0.016826923076923076 0.03846153846153846   
