1 0.41586538461538464 0.08774038461538461 0.07932692307692307 0.07211538461538461   
1 0.421875 0.16826923076923078 0.07932692307692307 0.08173076923076923   
1 0.42427884615384615 0.3329326923076923 0.0673076923076923 0.07211538461538461   
1 0.4326923076923077 0.4206730769230769 0.036057692307692304 0.05048076923076923   
1 0.5 0.09014423076923077 0.09134615384615384 0.08413461538461539   
1 0.5060096153846154 0.1778846153846154 0.08653846153846154 0.08173076923076923   
1 0.5108173076923077 0.2608173076923077 0.0889423076923077 0.07211538461538461   
1 0.6778846153846154 0.3137019230769231 0.06971153846153846 0.052884615384615384   
1 0.6875 0.17548076923076922 0.08173076923076923 0.07211538461538461   
1 0.6899038461538461 0.1045673076923077 0.08653846153846154 0.057692307692307696   
1 0.8617788461538461 0.23677884615384615 0.0889423076923077 0.057692307692307696   
1 0.8653846153846154 0.17548076923076922 0.09134615384615384 0.06009615384615385   
1 0.8689903846153846 0.11899038461538461 0.09375 0.0649038461538461   
