1 0.09615384615384616 0.15264423076923078 0.19230769230769232 0.30528846153846156   
1 0.15504807692307693 0.5216346153846154 0.31009615384615385 0.9375   
1 0.2608173076923077 0.23677884615384615 0.17548076923076922 0.30528846153846156   
1 0.3173076923076923 0.16346153846153846 0.16346153846153846 0.3269230769230769   
1 0.44350961538461536 0.6622596153846154 0.3798076923076923 0.5793269230769231   
1 0.359375 0.15384615384615385 0.1466346153846154 0.3076923076923077   
1 0.49759615384615385 0.5192307692307693 0.3245192307692308 0.5649038461538461   
1 0.4026442307692308 0.14903846153846154 0.11298076923076923 0.2980769230769231   
1 0.4387019230769231 0.140625 0.11778846153846154 0.28125   
1 0.49278846153846156 0.1622596153846154 0.13221153846153846 0.3245192307692308   
1 0.5348557692307693 0.15144230769230768 0.11298076923076923 0.3028846153846153   
