1 0.03485576923076923 0.7704326923076923 0.06971153846153846 0.10336538461538461   
1 0.0889423076923077 0.8918269230769231 0.1778846153846154 0.21634615384615385   
1 0.10576923076923077 0.7728365384615384 0.057692307692307696 0.05048076923076923   
1 0.18870192307692307 0.7475961538461539 0.11778846153846154 0.09375   
1 0.2091346153846154 0.8894230769230769 0.08413461538461539 0.21875   
1 0.265625 0.8870192307692307 0.028846153846153848 0.18028846153846154   
1 0.3545673076923077 0.6923076923076923 0.1778846153846154 0.14423076923076922   
1 0.32211538461538464 0.8605769230769231 0.11298076923076923 0.2283653846153846   
1 0.3401442307692308 0.8930288461538461 0.11298076923076923 0.2091346153846154   
1 0.4387019230769231 0.8401442307692307 0.125 0.2668269230769231   
1 0.49278846153846156 0.8858173076923077 0.11778846153846154 0.2259615384615384   
