1 0.020432692307692308 0.46875 0.040865384615384616 0.27403846153846156   
1 0.025240384615384616 0.06490384615384616 0.05048076923076923 0.12980769230769232   
1 0.3798076923076923 0.09134615384615384 0.5288461538461539 0.18269230769230768   
1 0.15985576923076922 0.4230769230769231 0.06971153846153846 0.19951923076923078   
1 0.4266826923076923 0.5276442307692307 0.14903846153846154 0.30288461538461536   
1 0.5504807692307693 0.5336538461538461 0.15384615384615385 0.30528846153846156   
1 0.5192307692307693 0.9423076923076923 0.06971153846153846 0.11298076923076923   
1 0.6021634615384616 0.9182692307692307 0.05048076923076923 0.16105769230769232   
1 0.8533653846153846 0.5144230769230769 0.2932692307692308 0.5024038461538461   
1 0.8545673076923077 0.921875 0.28846153846153844 0.15384615384615385   
1 0.8810096153846154 0.11177884615384616 0.23317307692307693 0.2235576923076923   
