1 0.03125 0.9639423076923077 0.0625 0.07211538461538461   
1 0.04447115384615385 0.08052884615384616 0.0889423076923077 0.16105769230769232   
1 0.4050480769230769 0.6514423076923077 0.057692307692307696 0.06971153846153846   
1 0.5324519230769231 0.6454326923076923 0.19471153846153846 0.21153846153846154   
1 0.7475961538461539 0.4543269230769231 0.13701923076923078 0.15865384615384615   
1 0.7319711538461539 0.2776442307692308 0.09375 0.125   
1 0.7644230769230769 0.11658653846153846 0.15144230769230768 0.13221153846153846   
1 0.7692307692307693 0.02403846153846154 0.14903846153846154 0.04807692307692308   
1 0.8942307692307693 0.15504807692307693 0.0889423076923077 0.11298076923076923   
1 0.9182692307692307 0.039663461538461536 0.10576923076923077 0.07932692307692307   
1 0.9194711538461539 0.42908653846153844 0.0985576923076923 0.13221153846153846   
1 0.9230769230769231 0.8221153846153846 0.07451923076923077 0.15144230769230768   
1 0.921875 0.5588942307692307 0.052884615384615384 0.12740384615384615   
1 0.9302884615384616 0.6875 0.05048076923076923 0.1370192307692307   
