1 0.06009615384615385 0.2920673076923077 0.1201923076923077 0.06971153846153846   
1 0.06610576923076923 0.40024038461538464 0.13221153846153846 0.06009615384615385   
1 0.06971153846153846 0.5228365384615384 0.13942307692307693 0.09375   
1 0.07572115384615384 0.6346153846153846 0.15144230769230768 0.125   
1 0.19230769230769232 0.29927884615384615 0.1346153846153846 0.08413461538461539   
1 0.20192307692307693 0.39302884615384615 0.13221153846153846 0.07692307692307693   
1 0.20552884615384615 0.5108173076923077 0.1346153846153846 0.0889423076923077   
1 0.2091346153846154 0.6117788461538461 0.11538461538461539 0.11538461538461539   
1 0.3161057692307692 0.3016826923076923 0.11298076923076923 0.0673076923076923   
1 0.328125 0.6394230769230769 0.1346153846153846 0.052884615384615384   
1 0.3173076923076923 0.3894230769230769 0.10576923076923077 0.06971153846153846   
1 0.32211538461538464 0.5865384615384616 0.10576923076923077 0.09134615384615384   
1 0.32211538461538464 0.4987980769230769 0.0985576923076923 0.06490384615384616   
1 0.41346153846153844 0.38100961538461536 0.0889423076923077 0.0673076923076923   
1 0.4170673076923077 0.29927884615384615 0.09134615384615384 0.052884615384615384   
1 0.41225961538461536 0.48677884615384615 0.07692307692307693 0.06971153846153846   
1 0.41947115384615385 0.6105769230769231 0.0889423076923077 0.06009615384615385   
1 0.41947115384615385 0.5649038461538461 0.08413461538461539 0.06971153846153846   
1 0.5625 0.6262019230769231 0.1201923076923077 0.055288461538461536   
1 0.8894230769230769 0.7824519230769231 0.20673076923076922 0.1947115384615384   
