1 0.015625 0.6418269230769231 0.03125 0.7163461538461539   
1 0.07091346153846154 0.5 0.13221153846153846 1   
1 0.1466346153846154 0.5721153846153846 0.1658653846153846 0.8341346153846154   
1 0.28846153846153844 0.5576923076923077 0.11538461538461539 0.7788461538461539   
1 0.3858173076923077 0.5384615384615384 0.09615384615384616 0.7524038461538461   
1 0.47596153846153844 0.1346153846153846 0.06490384615384616 0.13221153846153846   
1 0.4855769230769231 0.5348557692307693 0.08173076923076923 0.7283653846153846   
1 0.6382211538461539 0.40024038461538464 0.2932692307692308 0.7764423076923077   
1 0.5552884615384616 0.5084134615384616 0.09134615384615384 0.6730769230769231   
1 0.6310096153846154 0.953125 0.22596153846153846 0.09134615384615384   
1 0.7956730769230769 0.8822115384615384 0.40865384615384615 0.23557692307692307   
1 0.6382211538461539 0.5132211538461539 0.0673076923076923 0.6514423076923077   
1 0.7163461538461539 0.5 0.07451923076923077 0.6298076923076923   
1 0.8052884615384616 0.4254807692307692 0.038461538461538464 0.6850961538461539   
1 0.8569711538461539 0.40865384615384615 0.12980769230769232 0.6778846153846154   
1 0.8485576923076923 0.43149038461538464 0.040865384615384616 0.6514423076923077   
1 0.9086538461538461 0.4387019230769231 0.06009615384615385 0.6129807692307693   
1 0.96875 0.40024038461538464 0.06009615384615385 0.668269230769230   
