1 0.16947115384615385 0.4206730769230769 0.0625 0.09615384615384616   
1 0.22596153846153846 0.4795673076923077 0.08413461538461539 0.038461538461538464   
1 0.24879807692307693 0.45072115384615385 0.08413461538461539 0.02403846153846154   
1 0.2848557692307692 0.39903846153846156 0.057692307692307696 0.052884615384615384   
1 0.4266826923076923 0.5877403846153846 0.04807692307692308 0.038461538461538464   
1 0.43149038461538464 0.38221153846153844 0.04567307692307692 0.02403846153846154   
1 0.4891826923076923 0.38822115384615385 0.05048076923076923 0.019230769230769232   
1 0.5180288461538461 0.5733173076923077 0.09375 0.052884615384615384   
1 0.5372596153846154 0.38341346153846156 0.040865384615384616 0.014423076923076924   
1 0.5432692307692307 0.4411057692307692 0.04807692307692308 0.036057692307692304   
1 0.5841346153846154 0.5480769230769231 0.08173076923076923 0.04807692307692308   
1 0.5961538461538461 0.38221153846153844 0.04326923076923077 0.016826923076923076   
1 0.5997596153846154 0.43149038461538464 0.04326923076923077 0.04807692307692308   
1 0.6262019230769231 0.5276442307692307 0.0889423076923077 0.03365384615384615   
1 0.6526442307692307 0.3798076923076923 0.04567307692307692 0.026442307692307692   
1 0.6598557692307693 0.4362980769230769 0.06009615384615385 0.0480769230769230   
