1 0.15264423076923078 0.4362980769230769 0.028846153846153848 0.06009615384615385   
1 0.15625 0.3293269230769231 0.03365384615384615 0.0889423076923077   
1 0.15865384615384615 0.5324519230769231 0.036057692307692304 0.07451923076923077   
1 0.15865384615384615 0.24158653846153846 0.026442307692307692 0.057692307692307696   
1 0.2403846153846154 0.3137019230769231 0.1346153846153846 0.07451923076923077   
1 0.23918269230769232 0.22716346153846154 0.13221153846153846 0.0889423076923077   
1 0.24879807692307693 0.4375 0.14423076923076922 0.0625   
1 0.23197115384615385 0.6237980769230769 0.09615384615384616 0.08413461538461539   
1 0.23557692307692307 0.5300480769230769 0.10096153846153846 0.08653846153846154   
1 0.484375 0.703125 0.14423076923076922 0.15625   
1 0.6634615384615384 0.7247596153846154 0.21153846153846154 0.15865384615384615   
1 0.8822115384615384 0.7451923076923077 0.23557692307692307 0.1730769230769230   
