1 0.18389423076923078 0.4987980769230769 0.36778846153846156 0.9975961538461539   
1 0.36177884615384615 0.6899038461538461 0.12980769230769232 0.13942307692307693   
1 0.375 0.5420673076923077 0.10817307692307693 0.13942307692307693   
1 0.4891826923076923 0.2800480769230769 0.25961538461538464 0.1201923076923077   
1 0.47115384615384615 0.4170673076923077 0.21875 0.12980769230769232   
1 0.4567307692307692 0.8810096153846154 0.1658653846153846 0.23076923076923078   
1 0.5144230769230769 0.6899038461538461 0.10576923076923077 0.10576923076923077   
1 0.5348557692307693 0.5600961538461539 0.14423076923076922 0.1466346153846154   
1 0.6454326923076923 0.875 0.20432692307692307 0.24519230769230768   
1 0.6875 0.5637019230769231 0.2548076923076923 0.4519230769230769   
1 0.7439903846153846 0.20552884615384615 0.14423076923076922 0.23557692307692307   
1 0.7524038461538461 0.35096153846153844 0.13701923076923078 0.177884615384615   
