1 0.018028846153846152 0.5829326923076923 0.036057692307692304 0.06490384615384616   
1 0.055288461538461536 0.6490384615384616 0.11057692307692307 0.0673076923076923   
1 0.07572115384615384 0.296875 0.15144230769230768 0.026442307692307692   
1 0.09134615384615384 0.3954326923076923 0.18269230769230768 0.038461538461538464   
1 0.09254807692307693 0.359375 0.18509615384615385 0.0625   
1 0.10817307692307693 0.41947115384615385 0.20432692307692307 0.04567307692307692   
1 0.09975961538461539 0.32211538461538464 0.17307692307692307 0.038461538461538464   
1 0.10697115384615384 0.48677884615384615 0.18269230769230768 0.07211538461538461   
1 0.06490384615384616 0.6887019230769231 0.09375 0.07211538461538461   
1 0.12139423076923077 0.44711538461538464 0.15144230769230768 0.04567307692307692   
1 0.12860576923076922 0.5576923076923077 0.15625 0.08173076923076923   
1 0.13221153846153846 0.4651442307692308 0.15625 0.04567307692307692   
1 0.13822115384615385 0.5576923076923077 0.14903846153846154 0.08413461538461539   
1 0.14302884615384615 0.5697115384615384 0.1346153846153846 0.06971153846153846   
1 0.15264423076923078 0.6033653846153846 0.13942307692307693 0.08173076923076923   
1 0.23918269230769232 0.2692307692307692 0.2548076923076923 0.10336538461538461   
1 0.2548076923076923 0.10336538461538461 0.20432692307692307 0.08173076923076923   
1 0.26802884615384615 0.3401442307692308 0.21634615384615385 0.09375   
1 0.30649038461538464 0.9170673076923077 0.2644230769230769 0.1658653846153846   
1 0.359375 0.7439903846153846 0.21634615384615385 0.10576923076923077   
1 0.47115384615384615 0.44711538461538464 0.30288461538461536 0.6081730769230769   
1 0.8161057692307693 0.6586538461538461 0.36778846153846156 0.682692307692307   
