1 0.015625 0.2800480769230769 0.03125 0.1346153846153846   
1 0.055288461538461536 0.7548076923076923 0.11057692307692307 0.25961538461538464   
1 0.018028846153846152 0.46634615384615385 0.026442307692307692 0.14182692307692307   
1 0.06490384615384616 0.28125 0.0673076923076923 0.13701923076923078   
1 0.07211538461538461 0.4651442307692308 0.07211538461538461 0.1466346153846154   
1 0.24879807692307693 0.5600961538461539 0.10576923076923077 0.5168269230769231   
1 0.578125 0.42427884615384615 0.0673076923076923 0.1778846153846154   
1 0.5673076923076923 0.2620192307692308 0.021634615384615384 0.13942307692307693   
1 0.609375 0.09014423076923077 0.0985576923076923 0.18028846153846154   
1 0.5985576923076923 0.6105769230769231 0.04567307692307692 0.15384615384615385   
1 0.5961538461538461 0.26322115384615385 0.03365384615384615 0.125   
1 0.6021634615384616 0.7860576923076923 0.038461538461538464 0.15625   
1 0.6358173076923077 0.6358173076923077 0.04807692307692308 0.16346153846153846   
1 0.6346153846153846 0.43990384615384615 0.040865384615384616 0.16346153846153846   
1 0.6322115384615384 0.24519230769230768 0.036057692307692304 0.1658653846153846   
1 0.6370192307692307 0.8425480769230769 0.028846153846153848 0.13701923076923078   
1 0.6862980769230769 0.28846153846153844 0.07451923076923077 0.25721153846153844   
1 0.6838942307692307 0.5853365384615384 0.052884615384615384 0.24759615384615385   
1 0.6730769230769231 0.8401442307692307 0.021634615384615384 0.21394230769230768   
1 0.7463942307692307 0.06490384615384616 0.1658653846153846 0.12980769230769232   
1 0.6923076923076923 0.8725961538461539 0.02403846153846154 0.25240384615384615   
1 0.7560096153846154 0.6310096153846154 0.07932692307692307 0.33413461538461536   
1 0.7704326923076923 0.8810096153846154 0.0985576923076923 0.23557692307692307   
1 0.7752403846153846 0.2548076923076923 0.10576923076923077 0.31490384615384615   
1 0.8076923076923077 0.6778846153846154 0.036057692307692304 0.2860576923076923   
1 0.8545673076923077 0.6754807692307693 0.038461538461538464 0.3293269230769231   
1 0.8605769230769231 0.234375 0.04326923076923077 0.3485576923076923   
1 0.9038461538461539 0.7007211538461539 0.04567307692307692 0.375   
1 0.9411057692307693 0.21875 0.11778846153846154 0.4182692307692308   
1 0.9555288461538461 0.7451923076923077 0.0673076923076923 0.449519230769230   
