4 0.052884615384615384 0.7704326923076923 0.10576923076923077 0.4567307692307692   
4 0.0625 0.3894230769230769 0.10817307692307693 0.25   
4 0.042067307692307696 0.028846153846153848 0.036057692307692304 0.057692307692307696   
4 0.10576923076923077 0.7307692307692307 0.14903846153846154 0.5360576923076923   
4 0.0829326923076923 0.037259615384615384 0.040865384615384616 0.0673076923076923   
4 0.09975961538461539 0.10817307692307693 0.07451923076923077 0.21634615384615385   
4 0.25240384615384615 0.22115384615384615 0.3125 0.040865384615384616   
4 0.2548076923076923 0.2548076923076923 0.31971153846153844 0.03365384615384615   
4 0.21153846153846154 0.7283653846153846 0.12740384615384615 0.5432692307692307   
4 0.24158653846153846 0.055288461538461536 0.08413461538461539 0.11057692307692307   
4 0.3737980769230769 0.3425480769230769 0.34375 0.11298076923076923   
4 0.3485576923076923 0.1502403846153846 0.28846153846153844 0.038461538461538464   
4 0.3557692307692308 0.1814903846153846 0.3004807692307692 0.028846153846153848   
4 0.32091346153846156 0.7271634615384616 0.10576923076923077 0.5336538461538461   
4 0.2956730769230769 0.052884615384615384 0.052884615384615384 0.10576923076923077   
4 0.34134615384615385 0.06971153846153846 0.052884615384615384 0.12980769230769232   
4 0.38100961538461536 0.046875 0.036057692307692304 0.09134615384615384   
4 0.41947115384615385 0.7271634615384616 0.07211538461538461 0.5456730769230769   
4 0.4170673076923077 0.054086538461538464 0.026442307692307692 0.0985576923076923   
4 0.44711538461538464 0.05048076923076923 0.02403846153846154 0.10096153846153846   
4 0.4831730769230769 0.052884615384615384 0.028846153846153848 0.10576923076923077   
4 0.5276442307692307 0.7295673076923077 0.08653846153846154 0.5408653846153846   
4 0.6045673076923077 0.28725961538461536 0.06490384615384616 0.4182692307692308   
4 0.6418269230769231 0.7403846153846154 0.08653846153846154 0.5168269230769231   
4 0.7331730769230769 0.7091346153846154 0.07451923076923077 0.5817307692307693   
4 0.7307692307692307 0.2692307692307692 0.06009615384615385 0.3798076923076923   
4 0.8894230769230769 0.7307692307692307 0.1658653846153846 0.5384615384615384   
4 0.9050480769230769 0.26322115384615385 0.07451923076923077 0.2596153846153846   
