1 0.020432692307692308 0.36778846153846156 0.040865384615384616 0.028846153846153848   
1 0.027644230769230768 0.3329326923076923 0.055288461538461536 0.026442307692307692   
1 0.028846153846153848 0.40384615384615385 0.04807692307692308 0.03125   
1 0.040865384615384616 0.4423076923076923 0.026442307692307692 0.026442307692307692   
1 0.04927884615384615 0.4831730769230769 0.036057692307692304 0.036057692307692304   
1 0.12379807692307693 0.26322115384615385 0.1658653846153846 0.02403846153846154   
1 0.12980769230769232 0.2956730769230769 0.1658653846153846 0.026442307692307692   
1 0.1310096153846154 0.3641826923076923 0.16105769230769232 0.03365384615384615   
1 0.1310096153846154 0.3293269230769231 0.15865384615384615 0.03365384615384615   
1 0.13701923076923078 0.3954326923076923 0.14903846153846154 0.040865384615384616   
1 0.14423076923076922 0.4266826923076923 0.15384615384615385 0.04326923076923077   
1 0.15264423076923078 0.4567307692307692 0.1466346153846154 0.04807692307692308   
1 0.1814903846153846 0.6478365384615384 0.07451923076923077 0.08653846153846154   
1 0.203125 0.6201923076923077 0.06490384615384616 0.08413461538461539   
1 0.26802884615384615 0.265625 0.12259615384615384 0.026442307692307692   
1 0.28125 0.2932692307692308 0.13221153846153846 0.03365384615384615   
1 0.28365384615384615 0.32572115384615385 0.13701923076923078 0.028846153846153848   
1 0.28125 0.35096153846153844 0.125 0.036057692307692304   
1 0.2620192307692308 0.625 0.08173076923076923 0.08653846153846154   
1 0.27283653846153844 0.38461538461538464 0.10096153846153846 0.03365384615384615   
1 0.2824519230769231 0.44350961538461536 0.11298076923076923 0.04326923076923077   
1 0.28125 0.41346153846153844 0.10336538461538461 0.036057692307692304   
1 0.3161057692307692 0.6574519230769231 0.10576923076923077 0.0961538461538461   
