1 0.15264423076923078 0.43509615384615385 0.04807692307692308 0.04807692307692308   
1 0.1658653846153846 0.5612980769230769 0.07451923076923077 0.0673076923076923   
1 0.20673076923076922 0.5084134615384616 0.15384615384615385 0.03125   
1 0.20793269230769232 0.3605769230769231 0.15144230769230768 0.0625   
1 0.15865384615384615 0.640625 0.05048076923076923 0.05048076923076923   
1 0.23918269230769232 0.4375 0.08653846153846154 0.05048076923076923   
1 0.28725961538461536 0.5889423076923077 0.052884615384615384 0.02403846153846154   
1 0.2980769230769231 0.578125 0.04807692307692308 0.016826923076923076   
1 0.3125 0.6274038461538461 0.06971153846153846 0.021634615384615384   
1 0.3545673076923077 0.4951923076923077 0.1466346153846154 0.04567307692307692   
1 0.35336538461538464 0.4411057692307692 0.14182692307692307 0.05048076923076923   
1 0.3545673076923077 0.36899038461538464 0.14423076923076922 0.055288461538461536   
1 0.35096153846153844 0.5685096153846154 0.13701923076923078 0.05048076923076923   
1 0.31850961538461536 0.6189903846153846 0.06490384615384616 0.01201923076923077   
1 0.36658653846153844 0.6887019230769231 0.0889423076923077 0.06009615384615385   
1 0.4387019230769231 0.6322115384615384 0.14182692307692307 0.06971153846153846   
1 0.45552884615384615 0.5661057692307693 0.0673076923076923 0.055288461538461536   
1 0.46634615384615385 0.5024038461538461 0.08413461538461539 0.057692307692307696   
1 0.4699519230769231 0.4387019230769231 0.08653846153846154 0.055288461538461536   
1 0.4699519230769231 0.36658653846153844 0.07932692307692307 0.0673076923076923   
1 0.5408653846153846 0.6141826923076923 0.05048076923076923 0.07932692307692307   
1 0.5432692307692307 0.3798076923076923 0.052884615384615384 0.057692307692307696   
1 0.5420673076923077 0.5348557692307693 0.04807692307692308 0.08173076923076923   
1 0.5456730769230769 0.30288461538461536 0.055288461538461536 0.06971153846153846   
1 0.5420673076923077 0.6899038461538461 0.04326923076923077 0.09375   
1 0.5456730769230769 0.45552884615384615 0.04326923076923077 0.07211538461538461   
1 0.59375 0.6394230769230769 0.0625 0.10576923076923077   
1 0.5973557692307693 0.46875 0.06490384615384616 0.08173076923076923   
1 0.59375 0.5516826923076923 0.052884615384615384 0.0985576923076923   
1 0.5985576923076923 0.2956730769230769 0.057692307692307696 0.06971153846153846   
1 0.5997596153846154 0.37740384615384615 0.057692307692307696 0.08173076923076923   
1 0.5913461538461539 0.7175480769230769 0.038461538461538464 0.07211538461538461   
1 0.6081730769230769 0.765625 0.02403846153846154 0.04326923076923077   
1 0.6502403846153846 0.7896634615384616 0.052884615384615384 0.03125   
1 0.6574519230769231 0.6730769230769231 0.0673076923076923 0.11057692307692307   
1 0.6622596153846154 0.5757211538461539 0.0673076923076923 0.11298076923076923   
1 0.6622596153846154 0.4795673076923077 0.0673076923076923 0.09375   
1 0.6634615384615384 0.3798076923076923 0.0625 0.08653846153846154   
1 0.6706730769230769 0.28125 0.06490384615384616 0.09375   
1 0.6778846153846154 0.7824519230769231 0.026442307692307692 0.08653846153846154   
1 0.7367788461538461 0.8317307692307693 0.09134615384615384 0.13221153846153846   
1 0.7367788461538461 0.7175480769230769 0.08653846153846154 0.1346153846153846   
1 0.7391826923076923 0.6045673076923077 0.09134615384615384 0.12740384615384615   
1 0.7427884615384616 0.4951923076923077 0.0889423076923077 0.11538461538461539   
1 0.7439903846153846 0.38822115384615385 0.08653846153846154 0.0889423076923077   
1 0.7463942307692307 0.2692307692307692 0.08653846153846154 0.09375   
1 0.8413461538461539 0.7824519230769231 0.11778846153846154 0.16346153846153846   
1 0.8461538461538461 0.5180288461538461 0.12980769230769232 0.12740384615384615   
1 0.8473557692307693 0.3870192307692308 0.12740384615384615 0.12259615384615384   
1 0.8449519230769231 0.6514423076923077 0.1201923076923077 0.15384615384615385   
1 0.84375 0.9086538461538461 0.11298076923076923 0.18028846153846154   
1 0.8533653846153846 0.2512019230769231 0.125 0.11778846153846154   
1 0.9435096153846154 0.9915865384615384 0.09134615384615384 0.016826923076923076   
1 0.9507211538461539 0.8665865384615384 0.0985576923076923 0.17307692307692307   
1 0.9507211538461539 0.7043269230769231 0.09615384615384616 0.18028846153846154   
1 0.9519230769230769 0.5564903846153846 0.09134615384615384 0.13221153846153846   
1 0.9567307692307693 0.3918269230769231 0.08413461538461539 0.14423076923076922   
1 0.9519230769230769 0.25721153846153844 0.026442307692307692 0.10576923076923077   
1 0.9807692307692307 0.2956730769230769 0.036057692307692304 0.01923076923076923   
