1 0.1466346153846154 0.16826923076923078 0.21875 0.19471153846153846   
1 0.15144230769230768 0.5012019230769231 0.22596153846153846 0.18028846153846154   
1 0.15865384615384615 0.90625 0.2403846153846154 0.1875   
1 0.1502403846153846 0.8052884615384616 0.21153846153846154 0.23798076923076922   
1 0.1502403846153846 0.6610576923076923 0.20432692307692307 0.18509615384615385   
1 0.17067307692307693 0.38100961538461536 0.17548076923076922 0.125   
1 0.3449519230769231 0.28125 0.13221153846153846 0.10817307692307693   
1 0.3485576923076923 0.13581730769230768 0.13942307692307693 0.14903846153846154   
1 0.29447115384615385 0.5420673076923077 0.021634615384615384 0.1201923076923077   
1 0.3557692307692308 0.42427884615384615 0.11298076923076923 0.11538461538461539   
1 0.5 0.09735576923076923 0.11538461538461539 0.0985576923076923   
1 0.8473557692307693 0.4110576923076923 0.06490384615384616 0.177884615384615   
