1 0.9507211538461539 0.5168269230769231 0.09134615384615384 0.7740384615384616 
1 0.46634615384615385 0.5372596153846154 0.07692307692307693 0.7451923076923077 
1 0.34615384615384615 0.5420673076923077 0.08052884615384616 0.7115384615384616 
1 0.4110576923076923 0.5456730769230769 0.06370192307692307 0.7512019230769231 
1 0.12259615384615384 0.5456730769230769 0.21754807692307693 0.6610576923076923 
1 0.6033653846153846 0.5480769230769231 0.18990384615384615 0.6550480769230769 
1 0.8689903846153846 0.5480769230769231 0.10216346153846154 0.734375 
1 0.26802884615384615 0.5480769230769231 0.08774038461538461 0.7115384615384616 
1 0.796875 0.5540865384615384 0.09134615384615384 0.7115384615384616 
1 0.6598557692307693 0.5625 0.19591346153846154 0.717548076923076 
