1 0.020432692307692308 0.6177884615384616 0.040865384615384616 0.052884615384615384   
1 0.021634615384615384 0.5913461538461539 0.04326923076923077 0.0625   
1 0.042067307692307696 0.7836538461538461 0.08413461538461539 0.13942307692307693   
1 0.046875 0.7367788461538461 0.09375 0.125   
1 0.07091346153846154 0.6430288461538461 0.14182692307692307 0.15625   
1 0.0733173076923077 0.6778846153846154 0.13701923076923078 0.16105769230769232   
1 0.18629807692307693 0.7620192307692307 0.11538461538461539 0.21875   
1 0.1875 0.7211538461538461 0.11538461538461539 0.19951923076923078   
1 0.18870192307692307 0.6862980769230769 0.11298076923076923 0.18509615384615385   
1 0.18990384615384615 0.6502403846153846 0.11298076923076923 0.16346153846153846   
1 0.7463942307692307 0.6899038461538461 0.06009615384615385 0.10336538461538461   
1 0.7560096153846154 0.6598557692307693 0.07451923076923077 0.09134615384615384   
1 0.7632211538461539 0.6346153846153846 0.08653846153846154 0.11298076923076923   
1 0.7764423076923077 0.6153846153846154 0.11298076923076923 0.1225961538461538   
