1 0.3918269230769231 0.5048076923076923 0.14903846153846154 0.0673076923076923   
1 0.39903846153846156 0.4074519230769231 0.15384615384615385 0.0889423076923077   
1 0.39903846153846156 0.30288461538461536 0.14903846153846154 0.07692307692307693   
1 0.5552884615384616 0.515625 0.16346153846153846 0.0889423076923077   
1 0.5600961538461539 0.40865384615384615 0.15384615384615385 0.08413461538461539   
1 0.5612980769230769 0.3076923076923077 0.15144230769230768 0.06971153846153846   
1 0.7247596153846154 0.40865384615384615 0.15625 0.08413461538461539   
1 0.7223557692307693 0.31009615384615385 0.14903846153846154 0.0889423076923077   
1 0.7223557692307693 0.5084134615384616 0.14903846153846154 0.09134615384615384   
1 0.7536057692307693 0.6189903846153846 0.09134615384615384 0.07451923076923077   
1 0.7608173076923077 0.7091346153846154 0.0673076923076923 0.08653846153846154   
1 0.8870192307692307 0.5144230769230769 0.15625 0.08653846153846154   
1 0.8894230769230769 0.41466346153846156 0.15384615384615385 0.08653846153846154   
1 0.8930288461538461 0.31009615384615385 0.16105769230769232 0.09615384615384616   
1 0.9879807692307693 0.5204326923076923 0.021634615384615384 0.09375   
1 0.9915865384615384 0.41466346153846156 0.014423076923076924 0.08413461538461539   
1 0.9939903846153846 0.32091346153846156 0.01201923076923077 0.0721153846153846   
