1 0.03485576923076923 0.9411057692307693 0.06971153846153846 0.11778846153846154   
1 0.125 0.5829326923076923 0.25 0.22596153846153846   
1 0.109375 0.7487980769230769 0.21394230769230768 0.21634615384615385   
1 0.19951923076923078 0.06971153846153846 0.07451923076923077 0.13701923076923078   
1 0.19951923076923078 0.27524038461538464 0.06009615384615385 0.13942307692307693   
1 0.2127403846153846 0.4230769230769231 0.07692307692307693 0.13942307692307693   
1 0.36778846153846156 0.0625 0.21634615384615385 0.125   
1 0.40384615384615385 0.2608173076923077 0.15865384615384615 0.11298076923076923   
1 0.3894230769230769 0.40024038461538464 0.04326923076923077 0.11778846153846154   
1 0.5180288461538461 0.25961538461538464 0.03365384615384615 0.12259615384615384   
1 0.5432692307692307 0.40024038461538464 0.07451923076923077 0.11298076923076923   
1 0.6310096153846154 0.051682692307692304 0.25240384615384615 0.10336538461538461   
1 0.5288461538461539 0.4831730769230769 0.01201923076923077 0.02403846153846154   
1 0.5625 0.2403846153846154 0.0673076923076923 0.1466346153846154   
1 0.546875 0.6838942307692307 0.03125 0.06009615384615385   
1 0.5396634615384616 0.5012019230769231 0.01201923076923077 0.04326923076923077   
1 0.5600961538461539 0.9483173076923077 0.04807692307692308 0.10336538461538461   
1 0.5552884615384616 0.7992788461538461 0.028846153846153848 0.14423076923076922   
1 0.6586538461538461 0.2403846153846154 0.2091346153846154 0.1201923076923077   
1 0.6887019230769231 0.3942307692307692 0.12980769230769232 0.11538461538461539   
1 0.7067307692307693 0.9567307692307693 0.06490384615384616 0.08653846153846154   
1 0.7151442307692307 0.8221153846153846 0.055288461538461536 0.11538461538461539   
1 0.7211538461538461 0.6850961538461539 0.028846153846153848 0.07692307692307693   
1 0.7427884615384616 0.5288461538461539 0.04807692307692308 0.12259615384615384   
1 0.8858173076923077 0.030048076923076924 0.2283653846153846 0.06009615384615385   
1 0.8918269230769231 0.2091346153846154 0.21634615384615385 0.15865384615384615   
1 0.8930288461538461 0.5240384615384616 0.21394230769230768 0.12740384615384615   
1 0.8737980769230769 0.3798076923076923 0.17307692307692307 0.13221153846153846   
1 0.8954326923076923 0.6923076923076923 0.2091346153846154 0.13221153846153846   
1 0.9002403846153846 0.9663461538461539 0.19951923076923078 0.06490384615384616   
1 0.9002403846153846 0.8497596153846154 0.19471153846153846 0.1514423076923076   
