1 0.8521634615384616 0.4735576923076923 0.24519230769230768 0.23076923076923078   
1 0.09134615384615384 0.6694711538461539 0.18269230769230768 0.10817307692307693   
1 0.27283653846153844 0.8473557692307693 0.5456730769230769 0.1778846153846154   
1 0.3870192307692308 0.6911057692307693 0.4206730769230769 0.13221153846153846   
1 0.3605769230769231 0.5408653846153846 0.3485576923076923 0.28846153846153844   
1 0.4579326923076923 0.7536057692307693 0.35336538461538464 0.06009615384615385   
1 0.6165865384615384 0.8100961538461539 0.2980769230769231 0.12740384615384615   
1 0.6550480769230769 0.6286057692307693 0.2980769230769231 0.1658653846153846   
1 0.8221153846153846 0.7764423076923077 0.35336538461538464 0.1466346153846154   
1 0.8389423076923077 0.6033653846153846 0.32211538461538464 0.14182692307692307   
1 0.8221153846153846 0.6766826923076923 0.25240384615384615 0.09615384615384616   
1 0.9278846153846154 0.3762019230769231 0.14423076923076922 0.13701923076923078   
1 0.9350961538461539 0.7259615384615384 0.12980769230769232 0.12   
