4 0.1814903846153846 0.7872596153846154 0.29086538461538464 0.036057692307692304   
4 0.17908653846153846 0.8557692307692307 0.2620192307692308 0.052884615384615384   
4 0.2283653846153846 0.7355769230769231 0.2644230769230769 0.04807692307692308   
4 0.30288461538461536 0.6838942307692307 0.2548076923076923 0.04326923076923077   
4 0.34375 0.6442307692307693 0.2620192307692308 0.06971153846153846   
4 0.41586538461538464 0.5841346153846154 0.24519230769230768 0.06009615384615385   
4 0.515625 0.5420673076923077 0.21875 0.06490384615384616   
4 0.7127403846153846 0.6887019230769231 0.5721153846153846 0.4254807692307692   
4 0.5817307692307693 0.49399038461538464 0.24278846153846154 0.04567307692307692   
4 0.6658653846153846 0.4483173076923077 0.25240384615384615 0.04807692307692308   
4 0.7295673076923077 0.3954326923076923 0.25961538461538464 0.05048076923076923   
4 0.7572115384615384 0.3425480769230769 0.2860576923076923 0.040865384615384616   
4 0.8016826923076923 0.2800480769230769 0.2548076923076923 0.0312   
