4 0.06610576923076923 0.7668269230769231 0.13221153846153846 0.46634615384615385   
4 0.0733173076923077 0.2824519230769231 0.1466346153846154 0.31971153846153844   
4 0.17307692307692307 0.28365384615384615 0.12740384615384615 0.3485576923076923   
4 0.21394230769230768 0.7463942307692307 0.125 0.49759615384615385   
4 0.24759615384615385 0.2920673076923077 0.0985576923076923 0.3004807692307692   
4 0.34615384615384615 0.2932692307692308 0.06009615384615385 0.33413461538461536   
4 0.38822115384615385 0.7487980769230769 0.09615384615384616 0.5   
4 0.4483173076923077 0.2800480769230769 0.038461538461538464 0.34134615384615385   
4 0.5733173076923077 0.7439903846153846 0.08413461538461539 0.4855769230769231   
4 0.5733173076923077 0.2776442307692308 0.07692307692307693 0.3701923076923077   
4 0.6730769230769231 0.2668269230769231 0.11538461538461539 0.3389423076923077   
4 0.7403846153846154 0.7512019230769231 0.11778846153846154 0.49759615384615385   
4 0.7692307692307693 0.25240384615384615 0.11778846153846154 0.31490384615384615   
4 0.8665865384615384 0.24519230769230768 0.16826923076923078 0.32211538461538464   
4 0.9050480769230769 0.7379807692307693 0.1875 0.5240384615384616   
4 0.9314903846153846 0.22596153846153846 0.13701923076923078 0.295673076923076   
