1 0.03245192307692308 0.5817307692307693 0.052884615384615384 0.4519230769230769   
1 0.06850961538461539 0.6189903846153846 0.0625 0.49038461538461536   
1 0.10216346153846154 0.6129807692307693 0.040865384615384616 0.4879807692307692   
1 0.140625 0.5348557692307693 0.0625 0.6586538461538461   
1 0.18389423076923078 0.5432692307692307 0.03365384615384615 0.6322115384615384   
1 0.25 0.49759615384615385 0.05048076923076923 0.7548076923076923   
1 0.2980769230769231 0.4951923076923077 0.036057692307692304 0.75   
1 0.33653846153846156 0.47836538461538464 0.06009615384615385 0.7836538461538461   
1 0.3858173076923077 0.4723557692307692 0.0673076923076923 0.7884615384615384   
1 0.43990384615384615 0.46153846153846156 0.06490384615384616 0.7788461538461539   
1 0.44350961538461536 0.5060096153846154 0.038461538461538464 0.7860576923076923   
1 0.5276442307692307 0.4567307692307692 0.12259615384615384 0.8557692307692307   
1 0.5661057692307693 0.5180288461538461 0.06971153846153846 0.7139423076923077   
1 0.6442307692307693 0.48197115384615385 0.06490384615384616 0.7788461538461539   
1 0.6983173076923077 0.5745192307692307 0.08413461538461539 0.6081730769230769   
1 0.7644230769230769 0.5757211538461539 0.07211538461538461 0.65625   
1 0.8497596153846154 0.6045673076923077 0.10096153846153846 0.5336538461538461   
1 0.9302884615384616 0.6129807692307693 0.052884615384615384 0.586538461538461   
