1 0.15504807692307693 0.5865384615384616 0.31009615384615385 0.8245192307692307   
1 0.29086538461538464 0.5180288461538461 0.2644230769230769 0.9639423076923077   
1 0.43990384615384615 0.5120192307692307 0.18269230769230768 0.9735576923076923   
1 0.5492788461538461 0.5168269230769231 0.14182692307692307 0.9663461538461539   
1 0.6430288461538461 0.5192307692307693 0.11778846153846154 0.9591346153846154   
1 0.7127403846153846 0.5192307692307693 0.11538461538461539 0.9591346153846154   
1 0.8028846153846154 0.5096153846153846 0.10576923076923077 0.9783653846153846   
1 0.8870192307692307 0.5168269230769231 0.07932692307692307 0.9615384615384616   
1 0.9423076923076923 0.5288461538461539 0.08653846153846154 0.9375   
1 0.9771634615384616 0.5216346153846154 0.04326923076923077 0.947115384615384   
