1 0.2980769230769231 0.33533653846153844 0.016826923076923076 0.10336538461538461   
1 0.31971153846153844 0.3629807692307692 0.01201923076923077 0.15144230769230768   
1 0.33533653846153844 0.3629807692307692 0.016826923076923076 0.13942307692307693   
1 0.38100961538461536 0.08774038461538461 0.014423076923076924 0.038461538461538464   
1 0.3918269230769231 0.08533653846153846 0.009615384615384616 0.04326923076923077   
1 0.4050480769230769 0.08413461538461539 0.019230769230769232 0.038461538461538464   
1 0.41346153846153844 0.08413461538461539 0.007211538461538462 0.021634615384615384   
1 0.48197115384615385 0.09615384615384616 0.021634615384615384 0.026442307692307692   
1 0.5024038461538461 0.10216346153846154 0.01201923076923077 0.038461538461538464   
1 0.5168269230769231 0.11899038461538461 0.016826923076923076 0.06490384615384616   
1 0.5264423076923077 0.34375 0.01201923076923077 0.04807692307692308   
1 0.5360576923076923 0.16706730769230768 0.021634615384615384 0.17548076923076922   
1 0.5408653846153846 0.3641826923076923 0.019230769230769232 0.12740384615384615   
1 0.5552884615384616 0.36538461538461536 0.028846153846153848 0.1466346153846154   
1 0.5504807692307693 0.17067307692307693 0.014423076923076924 0.18028846153846154   
1 0.5673076923076923 0.1622596153846154 0.026442307692307692 0.18028846153846154   
1 0.5673076923076923 0.36778846153846156 0.02403846153846154 0.14903846153846154   
1 0.5829326923076923 0.16826923076923078 0.028846153846153848 0.16826923076923078   
1 0.59375 0.1658653846153846 0.03125 0.17307692307692307   
1 0.5913461538461539 0.36538461538461536 0.026442307692307692 0.16346153846153846   
1 0.5961538461538461 0.3737980769230769 0.028846153846153848 0.14903846153846154   
1 0.6105769230769231 0.1346153846153846 0.040865384615384616 0.23317307692307693   
1 0.6213942307692307 0.36658653846153844 0.021634615384615384 0.17307692307692307   
1 0.6658653846153846 0.12860576923076922 0.019230769230769232 0.25   
1 0.6778846153846154 0.5949519230769231 0.016826923076923076 0.08653846153846154   
1 0.6911057692307693 0.4074519230769231 0.028846153846153848 0.23798076923076922   
1 0.6899038461538461 0.12620192307692307 0.019230769230769232 0.25   
1 0.6983173076923077 0.5985576923076923 0.019230769230769232 0.09134615384615384   
1 0.7139423076923077 0.12620192307692307 0.021634615384615384 0.25   
1 0.7199519230769231 0.41586538461538464 0.03365384615384615 0.25961538461538464   
1 0.7151442307692307 0.6069711538461539 0.019230769230769232 0.10096153846153846   
1 0.7355769230769231 0.14302884615384615 0.019230769230769232 0.23076923076923078   
1 0.7355769230769231 0.6153846153846154 0.016826923076923076 0.12259615384615384   
1 0.7427884615384616 0.40865384615384615 0.016826923076923076 0.25240384615384615   
1 0.7512019230769231 0.6310096153846154 0.016826923076923076 0.1346153846153846   
1 0.7572115384615384 0.14423076923076922 0.02403846153846154 0.21394230769230768   
1 0.7644230769230769 0.4170673076923077 0.019230769230769232 0.2620192307692308   
1 0.7680288461538461 0.6394230769230769 0.014423076923076924 0.15865384615384615   
1 0.7836538461538461 0.4110576923076923 0.021634615384615384 0.2620192307692308   
1 0.7860576923076923 0.14182692307692307 0.021634615384615384 0.21634615384615385   
1 0.7884615384615384 0.6550480769230769 0.021634615384615384 0.18509615384615385   
1 0.8016826923076923 0.4326923076923077 0.036057692307692304 0.24278846153846154   
1 0.8112980769230769 0.14182692307692307 0.03365384615384615 0.1971153846153846   
1 0.8125 0.6778846153846154 0.019230769230769232 0.22115384615384615   
1 0.8365384615384616 0.4338942307692308 0.02403846153846154 0.23076923076923078   
1 0.8365384615384616 0.6959134615384616 0.02403846153846154 0.2644230769230769   
1 0.8401442307692307 0.1502403846153846 0.026442307692307692 0.20673076923076922   
1 0.8521634615384616 0.43028846153846156 0.01201923076923077 0.23557692307692307   
1 0.8617788461538461 0.13942307692307693 0.026442307692307692 0.20432692307692307   
1 0.8629807692307693 0.7055288461538461 0.02403846153846154 0.2644230769230769   
1 0.8689903846153846 0.42908653846153844 0.021634615384615384 0.2403846153846154   
1 0.8786057692307693 0.1466346153846154 0.02403846153846154 0.21875   
1 0.8858173076923077 0.7115384615384616 0.019230769230769232 0.27163461538461536   
1 0.9026442307692307 0.4206730769230769 0.028846153846153848 0.2548076923076923   
1 0.9014423076923077 0.14423076923076922 0.02403846153846154 0.21394230769230768   
1 0.9086538461538461 0.7115384615384616 0.019230769230769232 0.2668269230769231   
1 0.9254807692307693 0.1466346153846154 0.02403846153846154 0.20192307692307693   
1 0.9266826923076923 0.7103365384615384 0.016826923076923076 0.25961538461538464   
1 0.9483173076923077 0.14423076923076922 0.028846153846153848 0.19951923076923078   
1 0.9423076923076923 0.4170673076923077 0.01201923076923077 0.27163461538461536   
1 0.9435096153846154 0.71875 0.016826923076923076 0.25961538461538464   
1 0.9603365384615384 0.7211538461538461 0.016826923076923076 0.25   
1 0.9627403846153846 0.41466346153846156 0.021634615384615384 0.27403846153846156   
1 0.9699519230769231 0.140625 0.014423076923076924 0.19230769230769232   
1 0.9819711538461539 0.7271634615384616 0.021634615384615384 0.25   
1 0.9867788461538461 0.4074519230769231 0.026442307692307692 0.27884615384615385   
1 0.9891826923076923 0.1346153846153846 0.019230769230769232 0.2067307692307692   
