1 0.036057692307692304 0.9026442307692307 0.07211538461538461 0.19230769230769232   
1 0.039663461538461536 0.625 0.07932692307692307 0.2980769230769231   
1 0.051682692307692304 0.2980769230769231 0.10336538461538461 0.2956730769230769   
1 0.0625 0.08052884615384616 0.1201923076923077 0.16105769230769232   
1 0.06129807692307692 0.30288461538461536 0.028846153846153848 0.2644230769230769   
1 0.16346153846153846 0.36538461538461536 0.0673076923076923 0.22115384615384615   
1 0.16826923076923078 0.8713942307692307 0.07692307692307693 0.21875   
1 0.1935096153846154 0.6021634615384616 0.125 0.22115384615384615   
1 0.2403846153846154 0.8125 0.05048076923076923 0.18269230769230768   
1 0.24278846153846154 0.20432692307692307 0.05048076923076923 0.20673076923076922   
1 0.23557692307692307 0.9447115384615384 0.028846153846153848 0.11057692307692307   
1 0.2439903846153846 0.40625 0.04326923076923077 0.16826923076923078   
1 0.2920673076923077 0.6021634615384616 0.040865384615384616 0.14423076923076922   
1 0.2932692307692308 0.9206730769230769 0.040865384615384616 0.15384615384615385   
1 0.2932692307692308 0.7439903846153846 0.036057692307692304 0.14903846153846154   
1 0.2956730769230769 0.43990384615384615 0.036057692307692304 0.13942307692307693   
1 0.29447115384615385 0.26322115384615385 0.028846153846153848 0.17548076923076922   
1 0.3245192307692308 0.9675480769230769 0.028846153846153848 0.0625   
1 0.328125 0.7307692307692307 0.02403846153846154 0.12259615384615384   
1 0.3245192307692308 0.4567307692307692 0.014423076923076924 0.10817307692307693   
1 0.3317307692307692 0.8713942307692307 0.028846153846153848 0.15865384615384615   
1 0.3233173076923077 0.6021634615384616 0.007211538461538462 0.11298076923076923   
1 0.3317307692307692 0.3112980769230769 0.021634615384615384 0.11778846153846154   
1 0.35336538461538464 0.8497596153846154 0.019230769230769232 0.10817307692307693   
1 0.359375 0.46274038461538464 0.03365384615384615 0.125   
1 0.3473557692307692 0.7259615384615384 0.007211538461538462 0.09615384615384616   
1 0.35216346153846156 0.9555288461538461 0.016826923076923076 0.08653846153846154   
1 0.3557692307692308 0.33774038461538464 0.014423076923076924 0.10817307692307693   
1 0.3557692307692308 0.5889423076923077 0.016826923076923076 0.11778846153846154   
1 0.3762019230769231 0.9831730769230769 0.02403846153846154 0.03125   
1 0.5048076923076923 0.8245192307692307 0.28365384615384615 0.04326923076923077   
1 0.42908653846153844 0.7451923076923077 0.12740384615384615 0.08653846153846154   
1 0.3786057692307692 0.9254807692307693 0.021634615384615384 0.08413461538461539   
1 0.4098557692307692 0.4423076923076923 0.08413461538461539 0.0673076923076923   
1 0.4074519230769231 0.6646634615384616 0.06971153846153846 0.06490384615384616   
1 0.3870192307692308 0.5240384615384616 0.01201923076923077 0.04326923076923077   
1 0.41466346153846156 0.5853365384615384 0.06009615384615385 0.06971153846153846   
1 0.4074519230769231 0.9831730769230769 0.036057692307692304 0.03125   
1 0.4254807692307692 0.9146634615384616 0.04567307692307692 0.07692307692307693   
1 0.5372596153846154 0.6670673076923077 0.1658653846153846 0.09134615384615384   
1 0.53125 0.5877403846153846 0.1466346153846154 0.06971153846153846   
1 0.4807692307692308 0.9831730769230769 0.036057692307692304 0.03125   
1 0.4987980769230769 0.9146634615384616 0.04326923076923077 0.07692307692307693   
1 0.5625 0.5060096153846154 0.11057692307692307 0.06971153846153846   
1 0.5661057692307693 0.4338942307692308 0.11778846153846154 0.06490384615384616   
1 0.5336538461538461 0.9831730769230769 0.05048076923076923 0.03125   
1 0.5576923076923077 0.9122596153846154 0.038461538461538464 0.06971153846153846   
1 0.5877403846153846 0.9831730769230769 0.03365384615384615 0.03125   
1 0.5973557692307693 0.9086538461538461 0.03365384615384615 0.07451923076923077   
1 0.6225961538461539 0.9783653846153846 0.03125 0.04326923076923077   
1 0.6358173076923077 0.6286057692307693 0.03125 0.038461538461538464   
1 0.6358173076923077 0.9110576923076923 0.03365384615384615 0.09134615384615384   
1 0.6430288461538461 0.6790865384615384 0.040865384615384616 0.03125   
1 0.6382211538461539 0.5600961538461539 0.026442307692307692 0.028846153846153848   
1 0.6430288461538461 0.5961538461538461 0.036057692307692304 0.028846153846153848   
1 0.6418269230769231 0.5204326923076923 0.028846153846153848 0.02403846153846154   
1 0.6394230769230769 0.4807692307692308 0.021634615384615384 0.036057692307692304   
1 0.8293269230769231 0.5204326923076923 0.34134615384615385 0.9591346153846154   
1 0.6814903846153846 0.3329326923076923 0.014423076923076924 0.11298076923076923   
1 0.7019230769230769 0.29086538461538464 0.021634615384615384 0.1225961538461538   
