1 0.03245192307692308 0.5264423076923077 0.06490384615384616 0.8461538461538461   
1 0.15264423076923078 0.5264423076923077 0.20673076923076922 0.8701923076923077   
1 0.3161057692307692 0.53125 0.18509615384615385 0.8725961538461539   
1 0.43990384615384615 0.5480769230769231 0.13701923076923078 0.84375   
1 0.5372596153846154 0.5444711538461539 0.15384615384615385 0.8485576923076923   
1 0.6069711538461539 0.5528846153846154 0.11538461538461539 0.8389423076923077   
1 0.6610576923076923 0.5480769230769231 0.12259615384615384 0.8653846153846154   
1 0.7379807692307693 0.5480769230769231 0.15865384615384615 0.8557692307692307   
1 0.8197115384615384 0.5432692307692307 0.17307692307692307 0.8605769230769231   
1 0.9134615384615384 0.5504807692307693 0.17307692307692307 0.8629807692307693   
1 0.9615384615384616 0.546875 0.07451923076923077 0.716346153846153   
