4 0.20432692307692307 0.5348557692307693 0.10576923076923077 0.15384615384615385   
4 0.19230769230769232 0.4266826923076923 0.07451923076923077 0.21394230769230768   
4 0.2439903846153846 0.4254807692307692 0.125 0.12259615384615384   
4 0.24879807692307693 0.4206730769230769 0.13221153846153846 0.13221153846153846   
4 0.21754807692307693 0.30408653846153844 0.028846153846153848 0.19471153846153846   
4 0.2800480769230769 0.3942307692307692 0.1466346153846154 0.08173076923076923   
4 0.3233173076923077 0.5733173076923077 0.057692307692307696 0.23317307692307693   
4 0.3605769230769231 0.3449519230769231 0.1201923076923077 0.15625   
4 0.3425480769230769 0.5877403846153846 0.05048076923076923 0.22355769230769232   
4 0.4230769230769231 0.46274038461538464 0.055288461538461536 0.23076923076923078   
4 0.4483173076923077 0.6274038461538461 0.0673076923076923 0.19471153846153846   
4 0.5348557692307693 0.6754807692307693 0.2091346153846154 0.038461538461538464   
4 0.546875 0.8449519230769231 0.20673076923076922 0.13701923076923078   
4 0.4795673076923077 0.8173076923076923 0.03365384615384615 0.24759615384615385   
4 0.5168269230769231 0.46033653846153844 0.05048076923076923 0.22596153846153846   
4 0.5516826923076923 0.17067307692307693 0.10336538461538461 0.14903846153846154   
4 0.5841346153846154 0.4879807692307692 0.12980769230769232 0.2668269230769231   
4 0.6670673076923077 0.390625 0.019230769230769232 0.20673076923076922   
4 0.6983173076923077 0.41947115384615385 0.021634615384615384 0.19951923076923078   
4 0.8064903846153846 0.5192307692307693 0.20673076923076922 0.360576923076923   
