1 0.09615384615384616 0.18389423076923078 0.13221153846153846 0.1466346153846154   
1 0.10336538461538461 0.640625 0.13942307692307693 0.19230769230769232   
1 0.09375 0.36899038461538464 0.11538461538461539 0.17067307692307693   
1 0.09014423076923077 0.49158653846153844 0.09134615384615384 0.06009615384615385   
1 0.10817307692307693 0.8052884615384616 0.10817307692307693 0.1875   
1 0.09495192307692307 0.9266826923076923 0.06971153846153846 0.055288461538461536   
1 0.14182692307692307 0.890625 0.06971153846153846 0.0625   
1 0.21754807692307693 0.21514423076923078 0.021634615384615384 0.07211538461538461   
1 0.21995192307692307 0.35336538461538464 0.026442307692307692 0.0625   
1 0.21995192307692307 0.4387019230769231 0.026442307692307692 0.07211538461538461   
1 0.22115384615384615 0.2824519230769231 0.028846153846153848 0.06009615384615385   
1 0.22115384615384615 0.5060096153846154 0.02403846153846154 0.0625   
1 0.2800480769230769 0.34375 0.038461538461538464 0.06009615384615385   
1 0.2824519230769231 0.21634615384615385 0.04326923076923077 0.055288461538461536   
1 0.27884615384615385 0.5504807692307693 0.036057692307692304 0.06009615384615385   
1 0.2824519230769231 0.4855769230769231 0.040865384615384616 0.07211538461538461   
1 0.2824519230769231 0.2824519230769231 0.036057692307692304 0.06009615384615385   
1 0.2824519230769231 0.4266826923076923 0.036057692307692304 0.0625   
1 0.3485576923076923 0.21634615384615385 0.038461538461538464 0.0625   
1 0.35096153846153844 0.4170673076923077 0.04567307692307692 0.055288461538461536   
1 0.3485576923076923 0.34134615384615385 0.038461538461538464 0.052884615384615384   
1 0.35336538461538464 0.4639423076923077 0.04326923076923077 0.0673076923076923   
1 0.34975961538461536 0.2800480769230769 0.028846153846153848 0.055288461538461536   
1 0.35216346153846156 0.5216346153846154 0.028846153846153848 0.06009615384615385   
1 0.39783653846153844 0.45913461538461536 0.009615384615384616 0.04807692307692308   
1 0.40024038461538464 0.39903846153846156 0.007211538461538462 0.055288461538461536   
1 0.40024038461538464 0.2776442307692308 0.007211538461538462 0.04807692307692308   
1 0.4050480769230769 0.5144230769230769 0.01201923076923077 0.0432692307692307   
