4 0.06370192307692307 0.17548076923076922 0.12740384615384615 0.2548076923076923   
4 0.07451923076923077 0.7199519230769231 0.14423076923076922 0.5600961538461539   
4 0.109375 0.18389423076923078 0.09375 0.23557692307692307   
4 0.1502403846153846 0.16105769230769232 0.09375 0.27403846153846156   
4 0.1935096153846154 0.6971153846153846 0.15865384615384615 0.5817307692307693   
4 0.18629807692307693 0.1502403846153846 0.09134615384615384 0.2692307692307692   
4 0.23317307692307693 0.15144230769230768 0.08413461538461539 0.27163461538461536   
4 0.2776442307692308 0.16706730769230768 0.08653846153846154 0.2548076923076923   
4 0.3112980769230769 0.1778846153846154 0.06009615384615385 0.25   
4 0.36177884615384615 0.7019230769230769 0.08653846153846154 0.59375   
4 0.3629807692307692 0.16826923076923078 0.05048076923076923 0.2956730769230769   
4 0.39903846153846156 0.16706730769230768 0.036057692307692304 0.2644230769230769   
4 0.4387019230769231 0.1622596153846154 0.038461538461538464 0.2668269230769231   
4 0.4831730769230769 0.1622596153846154 0.052884615384615384 0.2668269230769231   
4 0.5384615384615384 0.6778846153846154 0.11778846153846154 0.6346153846153846   
4 0.5216346153846154 0.12259615384615384 0.040865384615384616 0.24519230769230768   
4 0.6141826923076923 0.11057692307692307 0.08413461538461539 0.22115384615384615   
4 0.7175480769230769 0.7163461538461539 0.16826923076923078 0.5673076923076923   
4 0.6838942307692307 0.11298076923076923 0.06009615384615385 0.22596153846153846   
4 0.7307692307692307 0.12980769230769232 0.07451923076923077 0.25721153846153844   
4 0.7764423076923077 0.12139423076923077 0.057692307692307696 0.24278846153846154   
4 0.8677884615384616 0.7043269230769231 0.19471153846153846 0.5649038461538461   
4 0.8161057692307693 0.12620192307692307 0.06490384615384616 0.25240384615384615   
4 0.8509615384615384 0.12620192307692307 0.0985576923076923 0.25   
4 0.8966346153846154 0.11778846153846154 0.10336538461538461 0.23557692307692307   
4 0.9411057692307693 0.578125 0.11778846153846154 0.40625   
4 0.9519230769230769 0.12620192307692307 0.09615384615384616 0.25   
4 0.9663461538461539 0.11778846153846154 0.0673076923076923 0.1971153846153846   
4 0.9891826923076923 0.3870192307692308 0.019230769230769232 0.05769230769230769   
