1 0.3557692307692308 0.16466346153846154 0.7115384615384616 0.2283653846153846   
1 0.3557692307692308 0.41346153846153844 0.7115384615384616 0.18509615384615385   
1 0.359375 0.028846153846153848 0.71875 0.057692307692307696   
1 0.35697115384615385 0.6550480769230769 0.6947115384615384 0.2091346153846154   
1 0.3629807692307692 0.8413461538461539 0.6658653846153846 0.23557692307692307   
1 0.375 0.9471153846153846 0.6346153846153846 0.10336538461538461   
1 0.7716346153846154 0.9651442307692307 0.125 0.06971153846153846   
1 0.859375 0.37259615384615385 0.28125 0.2548076923076923   
1 0.859375 0.6766826923076923 0.27884615384615385 0.2860576923076923   
1 0.859375 0.8677884615384616 0.27884615384615385 0.2644230769230769   
1 0.8665865384615384 0.13341346153846154 0.2668269230769231 0.266826923076923   
