1 0.1201923076923077 0.8954326923076923 0.2403846153846154 0.016826923076923076   
1 0.12259615384615384 0.8798076923076923 0.24519230769230768 0.026442307692307692   
1 0.12620192307692307 0.9158653846153846 0.25240384615384615 0.019230769230769232   
1 0.12860576923076922 0.8533653846153846 0.25721153846153844 0.028846153846153848   
1 0.1935096153846154 0.8221153846153846 0.3870192307692308 0.03365384615384615   
1 0.1346153846153846 0.9375 0.2692307692307692 0.021634615384615384   
1 0.203125 0.7848557692307693 0.3918269230769231 0.016826923076923076   
1 0.24759615384615385 0.7548076923076923 0.32211538461538464 0.016826923076923076   
1 0.18990384615384615 0.9735576923076923 0.17067307692307693 0.052884615384615384   
1 0.3125 0.8497596153846154 0.1201923076923077 0.021634615384615384   
1 0.3137019230769231 0.8641826923076923 0.10336538461538461 0.016826923076923076   
1 0.328125 0.8834134615384616 0.10817307692307693 0.021634615384615384   
1 0.3401442307692308 0.9459134615384616 0.13221153846153846 0.026442307692307692   
1 0.41947115384615385 0.9375 0.040865384615384616 0.014423076923076924   
1 0.4423076923076923 0.9362980769230769 0.026442307692307692 0.007211538461538462   
1 0.5528846153846154 0.9350961538461539 0.18509615384615385 0.014423076923076924   
1 0.6778846153846154 0.7632211538461539 0.19951923076923078 0.019230769230769232   
1 0.6574519230769231 0.7872596153846154 0.1346153846153846 0.021634615384615384   
1 0.6778846153846154 0.8197115384615384 0.17548076923076922 0.021634615384615384   
1 0.6814903846153846 0.8413461538461539 0.1778846153846154 0.026442307692307692   
1 0.6526442307692307 0.8617788461538461 0.09615384615384616 0.021634615384615384   
1 0.6466346153846154 0.8846153846153846 0.057692307692307696 0.019230769230769232   
1 0.7752403846153846 0.9711538461538461 0.2668269230769231 0.057692307692307696   
1 0.7439903846153846 0.7920673076923077 0.06490384615384616 0.026442307692307692   
1 0.8185096153846154 0.8173076923076923 0.12259615384615384 0.021634615384615384   
1 0.8725961538461539 0.8786057692307693 0.23076923076923078 0.021634615384615384   
1 0.8798076923076923 0.8581730769230769 0.2403846153846154 0.021634615384615384   
1 0.8353365384615384 0.8978365384615384 0.14182692307692307 0.019230769230769232   
1 0.8257211538461539 0.7596153846153846 0.10096153846153846 0.021634615384615384   
1 0.8329326923076923 0.7944711538461539 0.11538461538461539 0.026442307692307692   
1 0.8701923076923077 0.9158653846153846 0.18269230769230768 0.026442307692307692   
1 0.9435096153846154 0.8161057692307693 0.11057692307692307 0.02403846153846154   
1 0.9447115384615384 0.7908653846153846 0.10817307692307693 0.0240384615384615   
